,aereo,traiettoria,partenza in sec,arrivo in sec,tempo percorso,tempo minimo,delay
0,AA67346302,GIBSO-BILNI-KUMIL-ELDER-HAZEL-OCK-AIRPORT,37055,38340,1285,1275,10
1,AA67351001,NUMPO-OKESI-BEDEK-NIGIT-TOMMO-AIRPORT,25524,26763,1239,1239,0
2,AA67350189,NUMPO-OKESI-BEDEK-NIGIT-OCK-AIRPORT,28749,30360,1611,1355,256
3,AA67337907,LOGAN-TRIPO-SABER-BRASO-LAM-TAWNY-AIRPORT,21614,22743,1129,944,185
4,AA67338703,XAMAN-LOGAN-TRIPO-SABER-BRASO-LAM-TAWNY-AIRPORT,21780,23042,1262,1120,142
5,AA67349174,NUMPO-OKESI-BEDEK-NIGIT-OCK-AIRPORT,31086,32640,1554,1355,199
6,AA67350289,TOBID-SOPIT-WCO-BNN-BOVVA-AIRPORT,24079,25020,941,888,53
7,AA67343435,GIBSO-BILNI-KUMIL-ELDER-HAZEL-OCK-AIRPORT,21930,23340,1410,1275,135
8,AA67348842,NUMPO-OKESI-BEDEK-NIGIT-TOMMO-AIRPORT,23343,24760,1417,1239,178
9,AA67341101,XAMAN-LOGAN-TRIPO-SABER-BRASO-LAM-TAWNY-AIRPORT,31020,32288,1268,1120,148
10,AA67340987,XAMAN-LOGAN-TRIPO-SABER-BRASO-LAM-TAWNY-AIRPORT,28140,29409,1269,1120,149
11,AA67348869,NUMPO-OKESI-BEDEK-NIGIT-TOMMO-AIRPORT,23205,24527,1322,1239,83
12,AA67347801,NUMPO-OKESI-BEDEK-NIGIT-TOMMO-AIRPORT,30317,31606,1289,1239,50
13,AA67341280,XAMAN-LOGAN-TRIPO-SABER-BRASO-LAM-TAWNY-AIRPORT,31500,32768,1268,1120,148
14,AA67351182,IDESI-LOGAN-TRIPO-SABER-BRASO-LAM-TAWNY-AIRPORT,38700,39922,1222,1055,167
15,AA67340102,XAMAN-LOGAN-TRIPO-SABER-BRASO-LAM-TAWNY-AIRPORT,23516,24773,1257,1120,137
16,AA67346843,NIGIT-TOMMO-AIRPORT,21657,22280,623,593,30
17,AA67344951,XAMAN-LOGAN-TRIPO-SABER-BRASO-LAM-TAWNY-AIRPORT,27480,28738,1258,1120,138
18,AA67349717,TOBID-SOPIT-WCO-BNN-BOVVA-AIRPORT,33189,34151,962,888,74
19,AA67361985,XAMAN-LOGAN-TRIPO-SABER-BRASO-LAM-TAWNY-AIRPORT,48704,50231,1527,1120,407
20,AA67358884,BOLRO-KATHY-ELDER-HAZEL-OCK-AIRPORT,52530,54096,1566,1239,327
21,AA67361195,TOBID-SOPIT-WCO-BNN-BOVVA-AIRPORT,57236,58501,1265,888,377
22,AA67369076,NUMPO-OKESI-BEDEK-NIGIT-OCK-AIRPORT,65966,67641,1675,1355,320
23,AA67352079,XAMAN-LOGAN-TRIPO-SABER-BRASO-LAM-TAWNY-AIRPORT,37712,39732,2020,1120,900
24,AA67353784,NUMPO-OKESI-BEDEK-NIGIT-OCK-AIRPORT,26043,28170,2127,1355,772
25,AA67352980,BOLRO-DOMUT-KATHY-*0OCK-HAZEL-OCK-AIRPORT,41915,43881,1966,1233,733
26,AA67357915,INLOD-SUMUM-LOGAN-TRIPO-SABER-BRASO-LAM-TAWNY-AIRPORT,42777,44352,1575,1155,420
27,AA67357148,XAMAN-LOGAN-TRIPO-SABER-BRASO-LAM-TAWNY-AIRPORT,40161,41878,1717,1120,597
28,AA67350376,NUMPO-OKESI-BEDEK-NIGIT-OCK-AIRPORT,43298,44898,1600,1355,245
29,AA67357192,DIMAL-ALESO-ROTNO-ETVAX-TIGER-BIG-WEALD-AIRPORT,47657,49349,1692,1049,643
30,AA67361753,XAMAN-LOGAN-TRIPO-SABER-BRASO-LAM-TAWNY-AIRPORT,41697,43489,1792,1120,672
31,AA67359310,INLOD-SUMUM-LOGAN-TRIPO-SABER-BRASO-LAM-TAWNY-AIRPORT,50007,52250,2243,1155,1088
32,AA67351219,BNN-BOVVA-AIRPORT,34104,35330,1226,491,735
33,AA67368851,HON-TOBID-SOPIT-WCO-BNN-BOVVA-AIRPORT,71020,72359,1339,986,353
34,AA67372605,BOLRO-*0OCK-HAZEL-OCK-AIRPORT,61983,63961,1978,1211,767
35,AA67361913,TOBID-SOPIT-WCO-BNN-BOVVA-AIRPORT,59266,60602,1336,888,448
36,AA67353979,,75510,60602,-14908,-14908,0
37,AA67372209,,75510,60602,-14908,-14908,0
38,AA67354881,,75510,60602,-14908,-14908,0
39,AA67349129,,75510,60602,-14908,-14908,0
40,AA67374923,,75510,60602,-14908,-14908,0
41,AA67358298,,75510,60602,-14908,-14908,0
42,AA67354354,,75510,60602,-14908,-14908,0
43,AA67342443,,75510,60602,-14908,-14908,0
44,AA67358478,,75510,60602,-14908,-14908,0
45,AA67352957,,75510,60602,-14908,-14908,0
46,AA67339313,,75510,60602,-14908,-14908,0
47,AA67371927,,75510,60602,-14908,-14908,0
48,AA67353146,,75510,60602,-14908,-14908,0
49,AA67370744,,75510,60602,-14908,-14908,0
50,AA67353461,,75510,60602,-14908,-14908,0
51,AA67357724,,75510,60602,-14908,-14908,0
52,AA67371942,,75510,60602,-14908,-14908,0
53,AA67358976,,75510,60602,-14908,-14908,0
54,AA67364926,,75510,60602,-14908,-14908,0
55,AA67365007,,75510,60602,-14908,-14908,0
56,AA67354306,,75510,60602,-14908,-14908,0
57,AA67366541,,75510,60602,-14908,-14908,0
58,AA67358070,,75510,60602,-14908,-14908,0
59,AA67360447,,75510,60602,-14908,-14908,0
60,AA67376520,,75510,60602,-14908,-14908,0
61,AA67360128,,75510,60602,-14908,-14908,0
62,AA67351954,,75510,60602,-14908,-14908,0
63,AA67358305,,75510,60602,-14908,-14908,0
64,AA67351922,,75510,60602,-14908,-14908,0
65,AA67339192,,75510,60602,-14908,-14908,0
66,AA67354365,,75510,60602,-14908,-14908,0
67,AA67355205,,75510,60602,-14908,-14908,0
68,AA67342954,,75510,60602,-14908,-14908,0
69,AA67359031,,75510,60602,-14908,-14908,0
70,AA67366094,,75510,60602,-14908,-14908,0
71,AA67364512,,75510,60602,-14908,-14908,0
72,AA67358010,,75510,60602,-14908,-14908,0
73,AA67354074,,75510,60602,-14908,-14908,0
74,AA67360087,,75510,60602,-14908,-14908,0
75,AA67362787,,75510,60602,-14908,-14908,0
76,AA67361025,,75510,60602,-14908,-14908,0
77,AA67357715,,75510,60602,-14908,-14908,0
78,AA67357531,,75510,60602,-14908,-14908,0
79,AA67373039,,75510,60602,-14908,-14908,0
80,AA67358245,,75510,60602,-14908,-14908,0
81,AA67339211,,75510,60602,-14908,-14908,0
82,AA67364658,,75510,60602,-14908,-14908,0
83,AA67359178,,75510,60602,-14908,-14908,0
84,AA67354446,,75510,60602,-14908,-14908,0
85,AA67355714,,75510,60602,-14908,-14908,0
86,AA67360504,,75510,60602,-14908,-14908,0
87,AA67374469,,75510,60602,-14908,-14908,0
88,AA67356679,,75510,60602,-14908,-14908,0
89,AA67341383,,75510,60602,-14908,-14908,0
90,AA67345765,,75510,60602,-14908,-14908,0
91,AA67358765,,75510,60602,-14908,-14908,0
92,AA67361597,,75510,60602,-14908,-14908,0
93,AA67363937,,75510,60602,-14908,-14908,0
94,AA67366633,,75510,60602,-14908,-14908,0
95,AA67360306,,75510,60602,-14908,-14908,0
96,AA67352675,,75510,60602,-14908,-14908,0
97,AA67363268,,75510,60602,-14908,-14908,0
98,AA67366164,,75510,60602,-14908,-14908,0
99,AA67352494,,75510,60602,-14908,-14908,0
100,AA67367168,,75510,60602,-14908,-14908,0
101,AA67362659,,75510,60602,-14908,-14908,0
102,AA67377107,,75510,60602,-14908,-14908,0
103,AA67373346,,75510,60602,-14908,-14908,0
104,AA67360969,,75510,60602,-14908,-14908,0
105,AA67353913,,75510,60602,-14908,-14908,0
106,AA67363833,,75510,60602,-14908,-14908,0
107,AA67354972,,75510,60602,-14908,-14908,0
108,AA67352707,,75510,60602,-14908,-14908,0
109,AA67358426,,75510,60602,-14908,-14908,0
110,AA67367411,,75510,60602,-14908,-14908,0
111,AA67346778,,75510,60602,-14908,-14908,0
112,AA67364351,,75510,60602,-14908,-14908,0
113,AA67358853,,75510,60602,-14908,-14908,0
114,AA67368215,,75510,60602,-14908,-14908,0
115,AA67358444,,75510,60602,-14908,-14908,0
116,AA67355374,,75510,60602,-14908,-14908,0
117,AA67359115,,75510,60602,-14908,-14908,0
118,AA67363250,,75510,60602,-14908,-14908,0
119,AA67361036,,75510,60602,-14908,-14908,0
120,AA67365807,,75510,60602,-14908,-14908,0
121,AA67368870,,75510,60602,-14908,-14908,0
122,AA67360676,,75510,60602,-14908,-14908,0
123,AA67367389,,75510,60602,-14908,-14908,0
124,AA67360397,,75510,60602,-14908,-14908,0
125,AA67343178,,75510,60602,-14908,-14908,0
126,AA67356075,,75510,60602,-14908,-14908,0
127,AA67339015,,75510,60602,-14908,-14908,0
128,AA67362093,,75510,60602,-14908,-14908,0
129,AA67370114,,75510,60602,-14908,-14908,0
130,AA67358345,,75510,60602,-14908,-14908,0
131,AA67377442,,75510,60602,-14908,-14908,0
132,AA67359965,,75510,60602,-14908,-14908,0
133,AA67351336,,75510,60602,-14908,-14908,0
134,AA67361978,,75510,60602,-14908,-14908,0
135,AA67368331,,75510,60602,-14908,-14908,0
136,AA67364703,,75510,60602,-14908,-14908,0
137,AA67365559,,75510,60602,-14908,-14908,0
138,AA67361917,,75510,60602,-14908,-14908,0
139,AA67362183,,75510,60602,-14908,-14908,0
140,AA67371921,,75510,60602,-14908,-14908,0
141,AA67362872,,75510,60602,-14908,-14908,0
142,AA67353094,,75510,60602,-14908,-14908,0
143,AA67375097,,75510,60602,-14908,-14908,0
144,AA67368386,,75510,60602,-14908,-14908,0
145,AA67361820,,75510,60602,-14908,-14908,0
146,AA67364185,,75510,60602,-14908,-14908,0
147,AA67362120,,75510,60602,-14908,-14908,0
148,AA67362431,,75510,60602,-14908,-14908,0
149,AA67373560,,75510,60602,-14908,-14908,0
150,AA67372095,,75510,60602,-14908,-14908,0
151,AA67358618,,75510,60602,-14908,-14908,0
152,AA67358630,,75510,60602,-14908,-14908,0
153,AA67355543,,75510,60602,-14908,-14908,0
154,AA67361540,,75510,60602,-14908,-14908,0
155,AA67361742,,75510,60602,-14908,-14908,0
156,AA67361999,,75510,60602,-14908,-14908,0
157,AA67354657,,75510,60602,-14908,-14908,0
158,AA67366898,,75510,60602,-14908,-14908,0
159,AA67362209,,75510,60602,-14908,-14908,0
160,AA67342873,,75510,60602,-14908,-14908,0
161,AA67362931,,75510,60602,-14908,-14908,0
162,AA67366058,,75510,60602,-14908,-14908,0
163,AA67370656,,75510,60602,-14908,-14908,0
164,AA67339968,,75510,60602,-14908,-14908,0
165,AA67366246,,75510,60602,-14908,-14908,0
166,AA67353080,,75510,60602,-14908,-14908,0
167,AA67354935,,75510,60602,-14908,-14908,0
168,AA67355375,,75510,60602,-14908,-14908,0
169,AA67351798,,75510,60602,-14908,-14908,0
170,AA67366269,,75510,60602,-14908,-14908,0
171,AA67375379,,75510,60602,-14908,-14908,0
172,AA67352463,,75510,60602,-14908,-14908,0
173,AA67370059,,75510,60602,-14908,-14908,0
174,AA67363498,,75510,60602,-14908,-14908,0
175,AA67353038,,75510,60602,-14908,-14908,0
176,AA67345644,,75510,60602,-14908,-14908,0
177,AA67365084,,75510,60602,-14908,-14908,0
178,AA67361563,,75510,60602,-14908,-14908,0
179,AA67369008,,75510,60602,-14908,-14908,0
180,AA67367696,,75510,60602,-14908,-14908,0
181,AA67367607,,75510,60602,-14908,-14908,0
182,AA67362105,,75510,60602,-14908,-14908,0
183,AA67368115,,75510,60602,-14908,-14908,0
184,AA67373497,,75510,60602,-14908,-14908,0
185,AA67360923,,75510,60602,-14908,-14908,0
186,AA67368077,,75510,60602,-14908,-14908,0
187,AA67351193,,75510,60602,-14908,-14908,0
188,AA67368332,,75510,60602,-14908,-14908,0
189,AA67353486,,75510,60602,-14908,-14908,0
190,AA67359385,,75510,60602,-14908,-14908,0
191,AA67358395,,75510,60602,-14908,-14908,0
192,AA67343390,,75510,60602,-14908,-14908,0
193,AA67351398,,75510,60602,-14908,-14908,0
194,AA67355693,,75510,60602,-14908,-14908,0
195,AA67367246,,75510,60602,-14908,-14908,0
196,AA67340051,,75510,60602,-14908,-14908,0
197,AA67372980,,75510,60602,-14908,-14908,0
198,AA67362195,,75510,60602,-14908,-14908,0
199,AA67353561,,75510,60602,-14908,-14908,0
200,AA67360565,,75510,60602,-14908,-14908,0
201,AA67377811,,75510,60602,-14908,-14908,0
202,AA67368741,,75510,60602,-14908,-14908,0
203,AA67361639,,75510,60602,-14908,-14908,0
204,AA67374993,,75510,60602,-14908,-14908,0
205,AA67361458,,75510,60602,-14908,-14908,0
206,AA67339970,,75510,60602,-14908,-14908,0
207,AA67352144,,75510,60602,-14908,-14908,0
208,AA67368770,,75510,60602,-14908,-14908,0
209,AA67359161,,75510,60602,-14908,-14908,0
210,AA67339032,,75510,60602,-14908,-14908,0
211,AA67362196,,75510,60602,-14908,-14908,0
212,AA67350463,,75510,60602,-14908,-14908,0
213,AA67354278,,75510,60602,-14908,-14908,0
214,AA67365657,,75510,60602,-14908,-14908,0
215,AA67367412,,75510,60602,-14908,-14908,0
216,AA67355759,,75510,60602,-14908,-14908,0
217,AA67361782,,75510,60602,-14908,-14908,0
218,AA67339298,,75510,60602,-14908,-14908,0
219,AA67360842,,75510,60602,-14908,-14908,0
220,AA67375067,,75510,60602,-14908,-14908,0
221,AA67360376,,75510,60602,-14908,-14908,0
222,AA67340190,,75510,60602,-14908,-14908,0
223,AA67343431,,75510,60602,-14908,-14908,0
224,AA67363191,,75510,60602,-14908,-14908,0
225,AA67343493,,75510,60602,-14908,-14908,0
226,AA67359935,,75510,60602,-14908,-14908,0
227,AA67365086,,75510,60602,-14908,-14908,0
228,AA67359777,,75510,60602,-14908,-14908,0
229,AA67339676,,75510,60602,-14908,-14908,0
230,AA67353800,,75510,60602,-14908,-14908,0
231,AA67353695,,75510,60602,-14908,-14908,0
232,AA67352174,,75510,60602,-14908,-14908,0
233,AA67352234,,75510,60602,-14908,-14908,0
234,AA67340191,,75510,60602,-14908,-14908,0
235,AA67354813,,75510,60602,-14908,-14908,0
236,AA67339524,,75510,60602,-14908,-14908,0
237,AA67340325,,75510,60602,-14908,-14908,0
238,AA67358402,,75510,60602,-14908,-14908,0
239,AA67339969,,75510,60602,-14908,-14908,0
240,AA67354184,,75510,60602,-14908,-14908,0
241,AA67362230,,75510,60602,-14908,-14908,0
242,AA67360144,,75510,60602,-14908,-14908,0
243,AA67341295,,75510,60602,-14908,-14908,0
244,AA67341711,,75510,60602,-14908,-14908,0
245,AA67350898,,75510,60602,-14908,-14908,0
246,AA67354708,,75510,60602,-14908,-14908,0
247,AA67355788,,75510,60602,-14908,-14908,0
248,AA67340183,,75510,60602,-14908,-14908,0
249,AA67340424,,75510,60602,-14908,-14908,0
250,AA67341185,,75510,60602,-14908,-14908,0
251,AA67341103,,75510,60602,-14908,-14908,0
252,AA67352498,,75510,60602,-14908,-14908,0
253,AA67340968,,75510,60602,-14908,-14908,0
254,AA67340372,,75510,60602,-14908,-14908,0
255,AA67347134,,75510,60602,-14908,-14908,0
256,AA67340873,,75510,60602,-14908,-14908,0
257,AA67377295,,75510,60602,-14908,-14908,0
258,AA67341536,,75510,60602,-14908,-14908,0
259,AA67365366,,75510,60602,-14908,-14908,0
260,AA67357294,,75510,60602,-14908,-14908,0
261,AA67345105,,75510,60602,-14908,-14908,0
262,AA67343151,,75510,60602,-14908,-14908,0
263,AA67374766,,75510,60602,-14908,-14908,0
264,AA67365775,,75510,60602,-14908,-14908,0
265,AA67339525,,75510,60602,-14908,-14908,0
266,AA67366373,,75510,60602,-14908,-14908,0
267,AA67354576,,75510,60602,-14908,-14908,0
268,AA67366190,,75510,60602,-14908,-14908,0
269,AA67348418,,75510,60602,-14908,-14908,0
270,AA67360079,,75510,60602,-14908,-14908,0
271,AA67357380,,75510,60602,-14908,-14908,0
272,AA67339293,,75510,60602,-14908,-14908,0
273,AA67356566,,75510,60602,-14908,-14908,0
274,AA67358180,,75510,60602,-14908,-14908,0
275,AA67353011,,75510,60602,-14908,-14908,0
276,AA67359096,,75510,60602,-14908,-14908,0
277,AA67358732,,75510,60602,-14908,-14908,0
278,AA67358422,,75510,60602,-14908,-14908,0
279,AA67354521,,75510,60602,-14908,-14908,0
280,AA67351717,,75510,60602,-14908,-14908,0
281,AA67354668,,75510,60602,-14908,-14908,0
282,AA67357163,,75510,60602,-14908,-14908,0
283,AA67358209,,75510,60602,-14908,-14908,0
284,AA67360763,,75510,60602,-14908,-14908,0
285,AA67354691,,75510,60602,-14908,-14908,0
286,AA67355539,,75510,60602,-14908,-14908,0
287,AA67369953,,75510,60602,-14908,-14908,0
288,AA67366153,,75510,60602,-14908,-14908,0
289,AA67352339,,75510,60602,-14908,-14908,0
290,AA67357339,,75510,60602,-14908,-14908,0
291,AA67360622,,75510,60602,-14908,-14908,0
292,AA67352367,,75510,60602,-14908,-14908,0
293,AA67357150,,75510,60602,-14908,-14908,0
294,AA67356944,,75510,60602,-14908,-14908,0
295,AA67359293,,75510,60602,-14908,-14908,0
296,AA67352161,,75510,60602,-14908,-14908,0
297,AA67353836,,75510,60602,-14908,-14908,0
298,AA67358456,,75510,60602,-14908,-14908,0
299,AA67358767,,75510,60602,-14908,-14908,0
300,AA67354631,,75510,60602,-14908,-14908,0
301,AA67356281,,75510,60602,-14908,-14908,0
302,AA67359040,,75510,60602,-14908,-14908,0
303,AA67359216,,75510,60602,-14908,-14908,0
304,AA67354280,,75510,60602,-14908,-14908,0
305,AA67354027,,75510,60602,-14908,-14908,0
306,AA67348304,,75510,60602,-14908,-14908,0
307,AA67343121,,75510,60602,-14908,-14908,0
308,AA67354959,,75510,60602,-14908,-14908,0
309,AA67360398,,75510,60602,-14908,-14908,0
310,AA67363876,,75510,60602,-14908,-14908,0
311,AA67355248,,75510,60602,-14908,-14908,0
312,AA67358957,,75510,60602,-14908,-14908,0
313,AA67350843,,75510,60602,-14908,-14908,0
314,AA67340127,,75510,60602,-14908,-14908,0
315,AA67355848,,75510,60602,-14908,-14908,0
316,AA67359311,,75510,60602,-14908,-14908,0
317,AA67342872,,75510,60602,-14908,-14908,0
318,AA67356129,,75510,60602,-14908,-14908,0
319,AA67359092,,75510,60602,-14908,-14908,0
320,AA67358316,,75510,60602,-14908,-14908,0
321,AA67358754,,75510,60602,-14908,-14908,0
322,AA67359883,,75510,60602,-14908,-14908,0
323,AA67342906,,75510,60602,-14908,-14908,0
324,AA67358121,,75510,60602,-14908,-14908,0
325,AA67360076,,75510,60602,-14908,-14908,0
326,AA67362061,,75510,60602,-14908,-14908,0
327,AA67354856,,75510,60602,-14908,-14908,0
328,AA67365833,,75510,60602,-14908,-14908,0
329,AA67357584,,75510,60602,-14908,-14908,0
330,AA67356786,,75510,60602,-14908,-14908,0
331,AA67360260,,75510,60602,-14908,-14908,0
332,AA67351700,,75510,60602,-14908,-14908,0
333,AA67359513,,75510,60602,-14908,-14908,0
334,AA67359618,,75510,60602,-14908,-14908,0
335,AA67348153,,75510,60602,-14908,-14908,0
336,AA67370017,,75510,60602,-14908,-14908,0
337,AA67345020,,75510,60602,-14908,-14908,0
338,AA67341034,,75510,60602,-14908,-14908,0
339,AA67364369,,75510,60602,-14908,-14908,0
340,AA67359963,,75510,60602,-14908,-14908,0
341,AA67360600,,75510,60602,-14908,-14908,0
342,AA67365504,,75510,60602,-14908,-14908,0
343,AA67360356,,75510,60602,-14908,-14908,0
344,AA67342222,,75510,60602,-14908,-14908,0
345,AA67359764,,75510,60602,-14908,-14908,0
346,AA67360408,,75510,60602,-14908,-14908,0
347,AA67342853,,75510,60602,-14908,-14908,0
348,AA67358659,,75510,60602,-14908,-14908,0
349,AA67352100,,75510,60602,-14908,-14908,0
350,AA67352379,,75510,60602,-14908,-14908,0
351,AA67369458,,75510,60602,-14908,-14908,0
352,AA67359760,,75510,60602,-14908,-14908,0
353,AA67345448,,75510,60602,-14908,-14908,0
354,AA67341268,,75510,60602,-14908,-14908,0
355,AA67340189,,75510,60602,-14908,-14908,0
356,AA67360461,,75510,60602,-14908,-14908,0
357,AA67347112,,75510,60602,-14908,-14908,0
358,AA67360361,,75510,60602,-14908,-14908,0
359,AA67345868,,75510,60602,-14908,-14908,0
360,AA67352506,,75510,60602,-14908,-14908,0
361,AA67360746,,75510,60602,-14908,-14908,0
362,AA67346822,,75510,60602,-14908,-14908,0
363,AA67349080,,75510,60602,-14908,-14908,0
364,AA67363025,,75510,60602,-14908,-14908,0
365,AA67358219,,75510,60602,-14908,-14908,0
366,AA67360994,,75510,60602,-14908,-14908,0
367,AA67355789,,75510,60602,-14908,-14908,0
368,AA67352654,,75510,60602,-14908,-14908,0
369,AA67355533,,75510,60602,-14908,-14908,0
370,AA67351710,,75510,60602,-14908,-14908,0
371,AA67361959,,75510,60602,-14908,-14908,0
372,AA67364500,,75510,60602,-14908,-14908,0
373,AA67360441,,75510,60602,-14908,-14908,0
374,AA67357373,,75510,60602,-14908,-14908,0
375,AA67371480,,75510,60602,-14908,-14908,0
376,AA67349544,,75510,60602,-14908,-14908,0
377,AA67344523,,75510,60602,-14908,-14908,0
378,AA67347157,,75510,60602,-14908,-14908,0
379,AA67347288,,75510,60602,-14908,-14908,0
380,AA67373326,,75510,60602,-14908,-14908,0
381,AA67349445,,75510,60602,-14908,-14908,0
382,AA67369835,,75510,60602,-14908,-14908,0
383,AA67347967,,75510,60602,-14908,-14908,0
384,AA67360820,,75510,60602,-14908,-14908,0
385,AA67361155,,75510,60602,-14908,-14908,0
386,AA67361492,,75510,60602,-14908,-14908,0
387,AA67352363,,75510,60602,-14908,-14908,0
388,AA67365474,,75510,60602,-14908,-14908,0
389,AA67341277,,75510,60602,-14908,-14908,0
390,AA67349684,,75510,60602,-14908,-14908,0
391,AA67348739,,75510,60602,-14908,-14908,0
392,AA67357034,,75510,60602,-14908,-14908,0
393,AA67359969,,75510,60602,-14908,-14908,0
394,AA67361053,,75510,60602,-14908,-14908,0
395,AA67347846,,75510,60602,-14908,-14908,0
396,AA67361474,,75510,60602,-14908,-14908,0
397,AA67351281,,75510,60602,-14908,-14908,0
398,AA67353972,,75510,60602,-14908,-14908,0
399,AA67360315,,75510,60602,-14908,-14908,0
400,AA67362182,,75510,60602,-14908,-14908,0
401,AA67365787,,75510,60602,-14908,-14908,0
402,AA67354667,,75510,60602,-14908,-14908,0
403,AA67357749,,75510,60602,-14908,-14908,0
404,AA67340425,,75510,60602,-14908,-14908,0
405,AA67361047,,75510,60602,-14908,-14908,0
406,AA67351173,,75510,60602,-14908,-14908,0
407,AA67363748,,75510,60602,-14908,-14908,0
408,AA67356612,,75510,60602,-14908,-14908,0
409,AA67363914,,75510,60602,-14908,-14908,0
410,AA67350158,,75510,60602,-14908,-14908,0
411,AA67349663,,75510,60602,-14908,-14908,0
412,AA67369459,,75510,60602,-14908,-14908,0
413,AA67351952,,75510,60602,-14908,-14908,0
414,AA67349018,,75510,60602,-14908,-14908,0
415,AA67357972,,75510,60602,-14908,-14908,0
416,AA67350423,,75510,60602,-14908,-14908,0
417,AA67366152,,75510,60602,-14908,-14908,0
418,AA67355612,,75510,60602,-14908,-14908,0
419,AA67361643,,75510,60602,-14908,-14908,0
420,AA67353732,,75510,60602,-14908,-14908,0
421,AA67344484,,75510,60602,-14908,-14908,0
422,AA67362006,,75510,60602,-14908,-14908,0
423,AA67360333,,75510,60602,-14908,-14908,0
424,AA67339820,,75510,60602,-14908,-14908,0
425,AA67354794,,75510,60602,-14908,-14908,0
426,AA67352448,,75510,60602,-14908,-14908,0
427,AA67356306,,75510,60602,-14908,-14908,0
428,AA67352298,,75510,60602,-14908,-14908,0
429,AA67353411,,75510,60602,-14908,-14908,0
430,AA67353502,,75510,60602,-14908,-14908,0
431,AA67353488,,75510,60602,-14908,-14908,0
432,AA67352645,,75510,60602,-14908,-14908,0
433,AA67351770,,75510,60602,-14908,-14908,0
434,AA67352259,,75510,60602,-14908,-14908,0
435,AA67350971,,75510,60602,-14908,-14908,0
436,AA67339280,,75510,60602,-14908,-14908,0
437,AA67354569,,75510,60602,-14908,-14908,0
438,AA67356307,,75510,60602,-14908,-14908,0
439,AA67352646,,75510,60602,-14908,-14908,0
440,AA67343072,,75510,60602,-14908,-14908,0
441,AA67360696,,75510,60602,-14908,-14908,0
442,AA67362201,,75510,60602,-14908,-14908,0
443,AA67339739,,75510,60602,-14908,-14908,0
444,AA67352767,,75510,60602,-14908,-14908,0
445,AA67351725,,75510,60602,-14908,-14908,0
446,AA67351786,,75510,60602,-14908,-14908,0
447,AA67364891,,75510,60602,-14908,-14908,0
448,AA67353390,,75510,60602,-14908,-14908,0
449,AA67360481,,75510,60602,-14908,-14908,0
450,AA67341242,,75510,60602,-14908,-14908,0
451,AA67355811,,75510,60602,-14908,-14908,0
452,AA67354447,,75510,60602,-14908,-14908,0
453,AA67363797,,75510,60602,-14908,-14908,0
454,AA67362727,,75510,60602,-14908,-14908,0
455,AA67351799,,75510,60602,-14908,-14908,0
456,AA67339111,,75510,60602,-14908,-14908,0
457,AA67356669,,75510,60602,-14908,-14908,0
458,AA67354199,,75510,60602,-14908,-14908,0
459,AA67349939,,75510,60602,-14908,-14908,0
460,AA67353013,,75510,60602,-14908,-14908,0
461,AA67353280,,75510,60602,-14908,-14908,0
462,AA67354195,,75510,60602,-14908,-14908,0
463,AA67363174,,75510,60602,-14908,-14908,0
464,AA67355305,,75510,60602,-14908,-14908,0
465,AA67352967,,75510,60602,-14908,-14908,0
466,AA67358555,,75510,60602,-14908,-14908,0
467,AA67363481,,75510,60602,-14908,-14908,0
468,AA67362507,,75510,60602,-14908,-14908,0
469,AA67364549,,75510,60602,-14908,-14908,0
470,AA67353056,,75510,60602,-14908,-14908,0
471,AA67352827,,75510,60602,-14908,-14908,0
472,AA67354445,,75510,60602,-14908,-14908,0
473,AA67352794,,75510,60602,-14908,-14908,0
474,AA67353570,,75510,60602,-14908,-14908,0
475,AA67354612,,75510,60602,-14908,-14908,0
476,AA67354768,,75510,60602,-14908,-14908,0
477,AA67353882,,75510,60602,-14908,-14908,0
478,AA67352804,,75510,60602,-14908,-14908,0
479,AA67352595,,75510,60602,-14908,-14908,0
480,AA67352336,,75510,60602,-14908,-14908,0
481,AA67354433,,75510,60602,-14908,-14908,0
482,AA67347504,,75510,60602,-14908,-14908,0
483,AA67339428,,75510,60602,-14908,-14908,0
484,AA67355609,,75510,60602,-14908,-14908,0
485,AA67355037,,75510,60602,-14908,-14908,0
486,AA67351452,,75510,60602,-14908,-14908,0
487,AA67355238,,75510,60602,-14908,-14908,0
488,AA67357492,,75510,60602,-14908,-14908,0
489,AA67354196,,75510,60602,-14908,-14908,0
490,AA67353484,,75510,60602,-14908,-14908,0
491,AA67361031,,75510,60602,-14908,-14908,0
492,AA67363824,,75510,60602,-14908,-14908,0
493,AA67360864,,75510,60602,-14908,-14908,0
494,AA67360869,,75510,60602,-14908,-14908,0
495,AA67350246,,75510,60602,-14908,-14908,0
496,AA67356717,,75510,60602,-14908,-14908,0
497,AA67350034,,75510,60602,-14908,-14908,0
498,AA67357165,,75510,60602,-14908,-14908,0
499,AA67353939,,75510,60602,-14908,-14908,0
500,AA67353659,,75510,60602,-14908,-14908,0
501,AA67353916,,75510,60602,-14908,-14908,0
502,AA67356194,,75510,60602,-14908,-14908,0
503,AA67360662,,75510,60602,-14908,-14908,0
504,AA67354690,,75510,60602,-14908,-14908,0
505,AA67351152,,75510,60602,-14908,-14908,0
506,AA67354562,,75510,60602,-14908,-14908,0
507,AA67344136,,75510,60602,-14908,-14908,0
508,AA67352735,,75510,60602,-14908,-14908,0
509,AA67351793,,75510,60602,-14908,-14908,0
510,AA67339638,,75510,60602,-14908,-14908,0
511,AA67355309,,75510,60602,-14908,-14908,0
512,AA67363872,,75510,60602,-14908,-14908,0
513,AA67365437,,75510,60602,-14908,-14908,0
514,AA67356997,,75510,60602,-14908,-14908,0
515,AA67340622,,75510,60602,-14908,-14908,0
516,AA67367391,,75510,60602,-14908,-14908,0
517,AA67363693,,75510,60602,-14908,-14908,0
518,AA67349446,,75510,60602,-14908,-14908,0
519,AA67359922,,75510,60602,-14908,-14908,0
520,AA67363534,,75510,60602,-14908,-14908,0
521,AA67356775,,75510,60602,-14908,-14908,0
522,AA67339563,,75510,60602,-14908,-14908,0
523,AA67356072,,75510,60602,-14908,-14908,0
524,AA67367109,,75510,60602,-14908,-14908,0
525,AA67356728,,75510,60602,-14908,-14908,0
526,AA67355888,,75510,60602,-14908,-14908,0
527,AA67355504,,75510,60602,-14908,-14908,0
528,AA67350345,,75510,60602,-14908,-14908,0
529,AA67351684,,75510,60602,-14908,-14908,0
530,AA67356038,,75510,60602,-14908,-14908,0
531,AA67356040,,75510,60602,-14908,-14908,0
532,AA67359538,,75510,60602,-14908,-14908,0
533,AA67343274,,75510,60602,-14908,-14908,0
534,AA67365710,,75510,60602,-14908,-14908,0
535,AA67354312,,75510,60602,-14908,-14908,0
536,AA67360035,,75510,60602,-14908,-14908,0
537,AA67360203,,75510,60602,-14908,-14908,0
538,AA67352608,,75510,60602,-14908,-14908,0
539,AA67367856,,75510,60602,-14908,-14908,0
540,AA67343486,,75510,60602,-14908,-14908,0
541,AA67365136,,75510,60602,-14908,-14908,0
542,AA67364219,,75510,60602,-14908,-14908,0
543,AA67365087,,75510,60602,-14908,-14908,0
544,AA67350182,,75510,60602,-14908,-14908,0
545,AA67352166,,75510,60602,-14908,-14908,0
546,AA67365395,,75510,60602,-14908,-14908,0
547,AA67350420,,75510,60602,-14908,-14908,0
548,AA67354685,,75510,60602,-14908,-14908,0
549,AA67358482,,75510,60602,-14908,-14908,0
550,AA67369205,,75510,60602,-14908,-14908,0
551,AA67365247,,75510,60602,-14908,-14908,0
552,AA67351265,,75510,60602,-14908,-14908,0
553,AA67344169,,75510,60602,-14908,-14908,0
554,AA67355310,,75510,60602,-14908,-14908,0
555,AA67356168,,75510,60602,-14908,-14908,0
556,AA67350499,,75510,60602,-14908,-14908,0
557,AA67365321,,75510,60602,-14908,-14908,0
558,AA67367136,,75510,60602,-14908,-14908,0
559,AA67365200,,75510,60602,-14908,-14908,0
560,AA67368290,,75510,60602,-14908,-14908,0
561,AA67348407,,75510,60602,-14908,-14908,0
562,AA67350214,,75510,60602,-14908,-14908,0
563,AA67359063,,75510,60602,-14908,-14908,0
564,AA67352278,,75510,60602,-14908,-14908,0
565,AA67357795,,75510,60602,-14908,-14908,0
566,AA67365514,,75510,60602,-14908,-14908,0
567,AA67352986,,75510,60602,-14908,-14908,0
568,AA67340916,,75510,60602,-14908,-14908,0
569,AA67340300,,75510,60602,-14908,-14908,0
570,AA67366699,,75510,60602,-14908,-14908,0
571,AA67369305,,75510,60602,-14908,-14908,0
572,AA67371505,,75510,60602,-14908,-14908,0
573,AA67354353,,75510,60602,-14908,-14908,0
574,AA67363560,,75510,60602,-14908,-14908,0
575,AA67367468,,75510,60602,-14908,-14908,0
576,AA67349603,,75510,60602,-14908,-14908,0
577,AA67367129,,75510,60602,-14908,-14908,0
578,AA67369056,,75510,60602,-14908,-14908,0
579,AA67367177,,75510,60602,-14908,-14908,0
580,AA67363135,,75510,60602,-14908,-14908,0
581,AA67356543,,75510,60602,-14908,-14908,0
582,AA67367323,,75510,60602,-14908,-14908,0
583,AA67367431,,75510,60602,-14908,-14908,0
584,AA67363978,,75510,60602,-14908,-14908,0
585,AA67355951,,75510,60602,-14908,-14908,0
586,AA67370123,,75510,60602,-14908,-14908,0
587,AA67339681,,75510,60602,-14908,-14908,0
588,AA67372916,,75510,60602,-14908,-14908,0
589,AA67371681,,75510,60602,-14908,-14908,0
590,AA67343492,,75510,60602,-14908,-14908,0
591,AA67368388,,75510,60602,-14908,-14908,0
592,AA67371626,,75510,60602,-14908,-14908,0
593,AA67368284,,75510,60602,-14908,-14908,0
594,AA67361174,,75510,60602,-14908,-14908,0
595,AA67368527,,75510,60602,-14908,-14908,0
596,AA67368586,,75510,60602,-14908,-14908,0
597,AA67343385,,75510,60602,-14908,-14908,0
598,AA67351749,,75510,60602,-14908,-14908,0
599,AA67370737,,75510,60602,-14908,-14908,0
600,AA67354596,,75510,60602,-14908,-14908,0
