,aereo,traiettoria,partenza in sec,arrivo in sec,tempo percorso,tempo minimo,delay
0,AA66960337,RIMET-ODIPI-TUNIV-KERAX-GED-MTR-AIRPORT,37665,39099,1434,1011,423
1,AA66959879,EMPAX-NELLI-KOVAN-XIBGI-XINLA-XOPMO-ADNIS-PSA-CHA-AIRPORT,34639,36193,1554,1148,406
2,AA66963202,RIMET-ODIPI-TUNIV-KERAX-AIRPORT,46842,48166,1324,1122,202
3,AA66944949,ESULI-TEDGO-TGO-KOVAN-ETASA-XINLA-SUKON-SUPIX-PSA-ORVIV-AIRPORT,28753,30265,1512,1209,303
4,AA66967841,TAMEB-GAPLA-DEMAB-SOLVU-KERAX-GED-MTR-ORVIV-AIRPORT,65561,66654,1093,965,128
5,AA66964789,ERSIL-LESMO-TUNIV-KERAX-AIRPORT,59177,60500,1323,1048,275
6,AA66963260,EMPAX-NELLI-KOVAN-XIBGI-XINLA-XOPMO-ADNIS-PSA-ORVIV-AIRPORT,46819,48311,1492,1169,323
7,AA66971305,GIMAX-DIDUM-SIRPO-LEPSA-PSA-CHA-AIRPORT,45381,46731,1350,986,364
8,AA66947742,EMPAX-NELLI-KOVAN-XIBGI-XINLA-XOPMO-ADNIS-PSA-AIRPORT,49083,50610,1527,1139,388
9,AA66972758,TAMEB-GAPLA-DEMAB-SOLVU-KERAX-AIRPORT,54969,56377,1408,1025,383
10,AA66958377,ROBAR-EMBAD-NATSU-RANIN-GED-ORVIV-AIRPORT,33270,34738,1468,1035,433
11,AA66958389,VAGAB-KERAX-GED-ORVIV-AIRPORT,34364,36014,1650,1038,612
12,AA66943211,KERAX-GED-MTR-AIRPORT,26731,27422,691,560,131
13,AA66955197,PESOV-TOBOP-NIVNU-REDLI-MTR-ORVIV-AIRPORT,27572,29012,1440,1192,248
14,AA66964344,RIMET-ODIPI-TUNIV-KERAX-ORVIV-AIRPORT,49499,50967,1468,1058,410
15,AA66965723,EMPAX-NELLI-KOVAN-XIBGI-XINLA-XOPMO-ADNIS-PSA-AIRPORT,55223,56777,1554,1139,415
16,AA66964629,RIMET-ODIPI-TUNIV-KERAX-GED-MTR-AIRPORT,53218,54553,1335,1011,324
17,AA66961486,VAGAB-PILAM-VELIS-ORVIV-AIRPORT,43642,44787,1145,1059,86
18,AA66943928,PESOV-TOBOP-NIVNU-RAMOB-ROKIM-MTR-AIRPORT,25079,26558,1479,1141,338
19,AA66972994,RIMET-ODIPI-KOKEB-LESMO-TUNIV-KERAX-GED-AIRPORT,66781,68158,1377,1144,233
20,AA66946516,KERAX-AIRPORT,48666,49471,805,671,134
21,AA66964065,BITBU-NOSPA-ADENU-OBIGA-RAMOB-MTR-ORVIV-AIRPORT,47877,49473,1596,1106,490
22,AA66969538,REDNI-ASPAT-GIMAX-DIDUM-SIRPO-LEPSA-PSA-ORVIV-AIRPORT,58847,60119,1272,1168,104
23,AA66953969,GIMAX-DIDUM-SIRPO-LEPSA-PSA-AIRPORT,25829,26940,1111,977,134
24,AA66963721,RIMET-ODIPI-TUNIV-KERAX-GED-MTR-AIRPORT,49318,50729,1411,1011,400
25,AA66963851,ESULI-TEDGO-TGO-KOVAN-ETASA-XINLA-SUKON-SUPIX-PSA-ORVIV-AIRPORT,46972,48406,1434,1209,225
26,AA66969363,TAMEB-GAPLA-DEMAB-SOLVU-KERAX-GED-AIRPORT,57820,59102,1282,993,289
27,AA66964081,TOLTA-ROBAR-EMBAD-NATSU-RANIN-GED-ORVIV-AIRPORT,47753,49223,1470,1179,291
28,AA66963631,MOSUG-LIPMI-MTR-ORVIV-AIRPORT,49125,50823,1698,1171,527
29,AA66965751,ASPAT-GIMAX-DIDUM-SIRPO-LEPSA-PSA-AIRPORT,51248,52740,1492,1064,428
30,AA66977263,VAGAB-KERAX-AIRPORT,60519,62158,1639,1072,567
31,AA66958668,DIXAT-LIPMI-MTR-AIRPORT,53969,55259,1290,1006,284
32,AA66944827,RIMET-ODIPI-KOKEB-LESMO-TUNIV-KERAX-ORVIV-AIRPORT,55434,57080,1646,1112,534
33,AA66970182,LIMGO-MTR-ORVIV-AIRPORT,61716,63057,1341,1269,72
34,AA66962328,DIXAT-LIPMI-MTR-ORVIV-AIRPORT,45034,46363,1329,1057,272
35,AA66940673,TAMEB-GAPLA-DEMAB-SOLVU-KERAX-GED-AIRPORT,37693,38952,1259,993,266
36,AA66962377,ARCKY-IMVIX-BUGIB-TOBOP-NIVNU-MTR-ORVIV-AIRPORT,47620,49317,1697,1275,422
37,AA66971753,RIMET-ODIPI-KOKEB-LESMO-TUNIV-KERAX-GED-AIRPORT,64463,65775,1312,1144,168
38,AA66939642,REDNI-ASPAT-GIMAX-DIDUM-SIRPO-LEPSA-PSA-AIRPORT,55008,56524,1516,1138,378
39,AA66975303,REDNI-ASPAT-GIMAX-DIDUM-SIRPO-LEPSA-PSA-AIRPORT,67126,68520,1394,1138,256
40,AA66968210,PITES-AIRPORT,62971,64249,1278,1278,0
41,AA66979146,TUNIV-KERAX-GED-AIRPORT,57064,58000,936,713,223
42,AA66941667,TUNIV-KERAX-GED-MTR-AIRPORT,22130,23057,927,634,293
43,AA66966375,RIMET-ODIPI-TUNIV-KERAX-GED-AIRPORT,56371,57751,1380,1090,290
44,AA66953038,TAMEB-GAPLA-DEMAB-SOLVU-KERAX-AIRPORT,55374,56539,1165,1025,140
45,AA66973084,GIMAX-DIDUM-SIRPO-LEPSA-PSA-AIRPORT,61733,62781,1048,977,71
46,AA66978370,TAMEB-GAPLA-DEMAB-SOLVU-KERAX-GED-MTR-AIRPORT,70716,72145,1429,914,515
47,AA66946147,OBIGA-RAMOB-ROKIM-AIRPORT,23762,24768,1006,990,16
48,AA66963331,WUR-LEPSA-PSA-CHA-AIRPORT,68774,69773,999,767,232
49,AA66951546,KOREV-DIXAT-LIPMI-COL-ROLIS-MTR-ORVIV-AIRPORT,30453,31881,1428,1281,147
50,AA66945939,MTR-ORVIV-AIRPORT,38635,39212,577,358,219
51,AA66968328,PITES-OBIGA-RAMOB-ROKIM-MTR-AIRPORT,61835,63163,1328,1135,193
52,AA66972971,EMPAX-NELLI-KOVAN-XIBGI-XINLA-XOPMO-ADNIS-*22DF-AIRPORT,65203,66517,1314,1235,79
53,AA66968217,TAMEB-GAPLA-DEMAB-SOLVU-KERAX-AIRPORT,62197,63553,1356,1025,331
54,AA66943515,RIMET-ODIPI-TUNIV-KERAX-AIRPORT,27340,28760,1420,1122,298
55,AA66974681,REDNI-ASPAT-GIMAX-DIDUM-SIRPO-LEPSA-PSA-AIRPORT,51157,52621,1464,1138,326
56,AA66948945,VAGAB-KERAX-GED-AIRPORT,63329,64498,1169,1040,129
57,AA66964562,OBIGA-AIRPORT,55897,57049,1152,931,221
58,AA66947054,EMPAX-NELLI-KOVAN-XIBGI-XINLA-XOPMO-ADNIS-PSA-ORVIV-AIRPORT,27072,28420,1348,1169,179
59,AA66946907,REDNI-ASPAT-GIMAX-DIDUM-SIRPO-LEPSA-PSA-AIRPORT,47658,49151,1493,1138,355
60,AA66967957,REDNI-ASPAT-GIMAX-DIDUM-SIRPO-LEPSA-PSA-*23DF-AIRPORT,55139,56627,1488,1282,206
61,AA66963618,PESOV-TOBOP-NIVNU-RASVO-REDLI-AIRPORT,49931,51295,1364,1250,114
62,AA66943991,DIK-ADUSU-NOSPA-ADENU-OBIGA-RAMOB-REDLI-MTR-ORVIV-AIRPORT,30728,32423,1695,1266,429
63,AA66968662,PESOV-TOBOP-NIVNU-RAMOB-AIRPORT,60861,62161,1300,1135,165
64,AA66947221,MISGO-DIXAT-LIPMI-COL-MTR-ORVIV-AIRPORT,60142,61790,1648,1159,489
65,AA66967693,PESOV-TOBOP-NIVNU-REDLI-MTR-ORVIV-AIRPORT,63628,65335,1707,1192,515
66,AA66970591,VAGAB-KERAX-GED-AIRPORT,62616,63751,1135,1040,95
67,AA66947022,LW-*LX04-ASMOX-LULAT-RAMOB-ROKIM-MTR-ORVIV-AIRPORT,46281,48039,1758,1611,147
68,AA66965693,ERSIL-LESMO-TUNIV-KERAX-GED-AIRPORT,51288,52407,1119,1016,103
69,AA66968682,EMPAX-NELLI-KOVAN-XIBGI-XINLA-XOPMO-ADNIS-ORVIV-AIRPORT,57402,58979,1577,1257,320
70,AA66944326,ESULI-TEDGO-TGO-KOVAN-ETASA-XINLA-SUKON-SUPIX-PSA-ORVIV-AIRPORT,50943,52523,1580,1209,371
71,AA66945294,MISGO-LIPMI-COL-MTR-ORVIV-AIRPORT,35107,36543,1436,1183,253
72,AA66943529,OBIGA-RAMOB-ROKIM-MTR-AIRPORT,70212,71431,1219,925,294
73,AA66973295,ERSIL-GED-MTR-AIRPORT,66185,67325,1140,1034,106
74,AA66963534,EMPAX-NELLI-KOVAN-XIBGI-XINLA-XOPMO-ADNIS-PSA-ORVIV-AIRPORT,53513,54830,1317,1169,148
75,AA66944525,GIMAX-DIDUM-SIRPO-LEPSA-PSA-ORVIV-AIRPORT,21637,22887,1250,1007,243
76,AA66971332,EMPAX-NELLI-KOVAN-XIBGI-XINLA-XOPMO-ADNIS-CHA-AIRPORT,67333,68567,1234,1131,103
77,AA66950750,PESOV-TOBOP-NIVNU-RAMOB-ROKIM-MTR-AIRPORT,32023,33405,1382,1141,241
78,AA66963299,VAGAB-KERAX-GED-MTR-AIRPORT,46356,47542,1186,961,225
79,AA66977587,EMPAX-NELLI-KOVAN-XIBGI-XINLA-XOPMO-ADNIS-PSA-AIRPORT,59117,60643,1526,1139,387
80,AA66970309,RIMET-ORVIV-AIRPORT,61974,63316,1342,1070,272
81,AA66959945,ERSIL-LESMO-TUNIV-KERAX-GED-AIRPORT,36845,38040,1195,1016,179
82,AA66963190,PESOV-TOBOP-NIVNU-RASVO-RAMOB-MTR-AIRPORT,67786,69173,1387,1111,276
83,AA66964579,OBIGA-AIRPORT,73323,74641,1318,931,387
84,AA66954419,REDNI-ASPAT-GIMAX-DIDUM-SIRPO-LEPSA-PSA-AIRPORT,46888,48522,1634,1138,496
85,AA66944295,TAMEB-GAPLA-DEMAB-SOLVU-KERAX-GED-MTR-AIRPORT,29268,30541,1273,914,359
86,AA66980820,RATIM-PSA-CHA-AIRPORT,63115,63919,804,625,179
87,AA66950050,PESOV-TOBOP-NIVNU-RAMOB-MTR-ORVIV-AIRPORT,68933,70305,1372,1161,211
88,AA66980150,REDNI-ASPAT-GIMAX-DIDUM-SIRPO-LEPSA-PSA-*23DF-AIRPORT,59400,60851,1451,1282,169
89,AA66971424,TAMEB-GAPLA-DEMAB-SOLVU-KERAX-GED-GEDSI-AIRPORT,65168,66395,1227,1051,176
90,AA66966095,REDNI-ASPAT-GIMAX-DIDUM-SIRPO-LEPSA-PSA-AIRPORT,64305,65842,1537,1138,399
91,AA66972945,PESOV-TOBOP-NIVNU-MTR-ORVIV-AIRPORT,62573,64076,1503,1218,285
92,AA66947216,EMPAX-NELLI-KOVAN-XIBGI-XINLA-XOPMO-ADNIS-PSA-AIRPORT,26189,27549,1360,1139,221
93,AA66970536,MISGO-LIPMI-COL-MTR-ORVIV-AIRPORT,61035,62351,1316,1183,133
94,AA66961875,ASPAT-GIMAX-DIDUM-SIRPO-LEPSA-PSA-CHA-AIRPORT,62797,64453,1656,1073,583
95,AA66971091,ERSIL-LESMO-TUNIV-KERAX-GED-ORVIV-AIRPORT,62766,63971,1205,1014,191
96,AA66959372,LIMGO-BETEX-BITBU-NOSPA-ADENU-OBIGA-AIRPORT,36890,38152,1262,1256,6
97,AA66969373,EMPAX-NELLI-KOVAN-XIBGI-XINLA-XOPMO-ADNIS-PSA-*22DF-AIRPORT,61638,63019,1381,1255,126
98,AA66945337,EMPAX-NELLI-KOVAN-XIBGI-XINLA-XOPMO-ADNIS-PSA-AIRPORT,35363,36863,1500,1139,361
99,AA66971382,OBIGA-RAMOB-MTR-ORVIV-AIRPORT,66357,67461,1104,945,159
100,AA66952402,REDNI-ASPAT-GIMAX-DIDUM-SIRPO-LEPSA-PSA-AIRPORT,66195,67727,1532,1138,394
101,AA66972970,MOSUG-LIPMI-MTR-ORVIV-AIRPORT,64884,66260,1376,1171,205
102,AA66972875,DIXAT-LIPMI-COL-MTR-ORVIV-AIRPORT,64206,65596,1390,1080,310
103,AA66976737,MOSUG-LIPMI-COL-ROLIS-MTR-ORVIV-AIRPORT,65557,67200,1643,1288,355
104,AA66973129,RIMET-ODIPI-GED-MTR-AIRPORT,64824,66144,1320,1086,234
105,AA66944592,OBIGA-RAMOB-MTR-ORVIV-AIRPORT,23070,24351,1281,945,336
106,AA66948914,UBASI-SUKON-SUPIX-ORVIV-AIRPORT,61808,63127,1319,1220,99
107,AA66945334,ORVIV-AIRPORT,34511,34908,397,287,110
108,AA66941000,RIMET-ODIPI-TUNIV-KERAX-GED-AIRPORT,21933,23249,1316,1090,226
109,AA66968136,TAMEB-GAPLA-DEMAB-SOLVU-KERAX-GED-AIRPORT,66302,67476,1174,993,181
110,AA66954972,LEPSA-PSA-CHA-AIRPORT,21702,22674,972,607,365
111,AA66970491,MISGO-LIPMI-COL-MTR-AIRPORT,55453,56820,1367,1132,235
112,AA66976936,MISGO-LIPMI-MTR-ORVIV-AIRPORT,69769,71141,1372,1160,212
113,AA66953053,DIK-ADUSU-NIVNU-RASVO-PIPEP-RAMOB-REDLI-MTR-ORVIV-AIRPORT,42042,43576,1534,1413,121
114,AA66949485,ORVIV-AIRPORT,21652,22036,384,287,97
115,AA66955348,RIMET-ODIPI-TUNIV-KERAX-AIRPORT,30956,32293,1337,1122,215
116,AA66946054,UNOKO-IBVIL-MTR-ORVIV-AIRPORT,41959,42918,959,909,50
117,AA66963978,ERSIL-LESMO-TUNIV-KERAX-GED-MTR-AIRPORT,47856,49119,1263,937,326
118,AA66945288,PESOV-TOBOP-NIVNU-RASVO-RAMOB-ROKIM-AIRPORT,35598,36867,1269,1207,62
119,AA66946213,PESOV-TOBOP-NIVNU-RAMOB-ROKIM-AIRPORT,23869,25390,1521,1206,315
120,AA66972914,KOREV-DIXAT-LIPMI-MTR-ORVIV-AIRPORT,67341,68760,1419,1164,255
121,AA66963259,VAGAB-PILAM-VELIS-DEMAB-SOLVU-KERAX-AIRPORT,66844,68172,1328,1065,263
122,AA66952217,REDNI-ASPAT-GIMAX-DIDUM-SIRPO-LEPSA-PSA-AIRPORT,24214,25698,1484,1138,346
123,AA66967483,VAGAB-PILAM-VELIS-DEMAB-SOLVU-KERAX-ORVIV-AIRPORT,42455,43898,1443,1001,442
124,AA66945875,TAMEB-GAPLA-DEMAB-SOLVU-KERAX-GED-ORVIV-AIRPORT,35126,36441,1315,991,324
125,AA66949603,PESOV-TOBOP-NIVNU-RASVO-RAMOB-ROKIM-AIRPORT,26675,28032,1357,1207,150
126,AA66945315,DIXAT-LIPMI-COL-MTR-ORVIV-AIRPORT,48801,49970,1169,1080,89
127,AA66945025,OBIGA-RAMOB-ROKIM-MTR-AIRPORT,26106,27117,1011,925,86
128,AA66947726,REDNI-ASPAT-GIMAX-DIDUM-SIRPO-LEPSA-PSA-*24DF-*11DF-AIRPORT,32794,34484,1690,1271,419
129,AA66945255,MISGO-LIPMI-COL-MTR-ORVIV-AIRPORT,32146,33550,1404,1183,221
130,AA66945918,*DL39-*DL41-*DL44-*LN12-LIPMI-COL-MTR-ORVIV-AIRPORT,35805,37535,1730,1295,435
131,AA66944959,SUDEN-ETAGO-LBU-SUPIX-PSA-AIRPORT,30406,31863,1457,1204,253
132,AA66969559,NELLI-KOVAN-XIBGI-XINLA-XOPMO-ADNIS-PSA-AIRPORT,64022,65529,1507,1070,437
133,AA66946666,NIVNU-RASVO-PIPEP-UNOKO-IBVIL-MANUV-RAMOB-ROKIM-MTR-ORVIV-AIRPORT,28880,30358,1478,1172,306
134,AA66942298,RIMET-ODIPI-TUNIV-KERAX-GED-AIRPORT,23415,24634,1219,1090,129
135,AA66946088,XOPMO-ADNIS-PSA-AIRPORT,21754,22788,1034,647,387
136,AA66945746,SUKON-SUPIX-PSA-AIRPORT,36136,36985,849,621,228
137,AA66945655,TAMEB-GAPLA-DEMAB-SOLVU-KERAX-GED-ORVIV-AIRPORT,33726,35180,1454,991,463
138,AA66942761,*DS50-*DS40-*DS43-KOVAN-ETASA-XINLA-SUKON-SUPIX-PSA-ORVIV-AIRPORT,23544,24909,1365,1174,191
139,AA66954536,GIMAX-DIDUM-SIRPO-LEPSA-PSA-*23DF-AIRPORT,47626,49068,1442,1121,321
140,AA66945719,NTM-NOSPA-ADENU-OBIGA-RAMOB-MTR-ORVIV-AIRPORT,30567,32307,1740,1134,606
141,AA66948563,REDNI-ASPAT-GIMAX-DIDUM-SIRPO-LEPSA-PSA-AIRPORT,21618,23125,1507,1138,369
142,AA66950755,WUR-LEPSA-PSA-AIRPORT,37005,38001,996,758,238
143,AA66948560,GED-MTR-ORVIV-AIRPORT,43997,44601,604,496,108
144,AA66946762,REDNI-ASPAT-GIMAX-DIDUM-SIRPO-LEPSA-PSA-AIRPORT,40709,42432,1723,1138,585
145,AA66945237,EMPAX-NELLI-KOVAN-XIBGI-XINLA-XOPMO-ADNIS-KUGUK-AIRPORT,32075,33602,1527,1341,186
146,AA66947027,*DS50-*DS40-*DS43-KOVAN-ETASA-XINLA-SUKON-SUPIX-PSA-*23DF-ORVIV-AIRPORT,47380,48946,1566,1243,323
147,AA66945296,ADNIS-PSA-AIRPORT,21606,22612,1006,597,409
148,AA66947195,GIMAX-DIDUM-SIRPO-LEPSA-PSA-CHA-AIRPORT,24008,25326,1318,986,332
149,AA66939668,LIMGO-BETEX-BITBU-REDLI-AIRPORT,31090,32722,1632,1437,195
150,AA66949995,KOREV-DIXAT-LIPMI-COL-ROLIS-OSPUL-MTR-ORVIV-AIRPORT,31782,33420,1638,1381,257
151,AA66973340,REDNI-ASPAT-GIMAX-DIDUM-SIRPO-LEPSA-PSA-AIRPORT,66381,67880,1499,1138,361
152,AA66958763,REDNI-ASPAT-GIMAX-DIDUM-SIRPO-LEPSA-PSA-CHA-*9DF-*10DF-*20DF-*21DF-*22DF-*23DF-*24DF-*11DF-AIRPORT,33728,35553,1825,1497,328
153,AA66950520,KERAX-AIRPORT,41859,42721,862,671,191
154,AA66947556,KOREV-DIXAT-LIPMI-COL-ROLIS-OSPUL-AIRPORT,22010,23563,1553,1513,40
155,AA66960800,TAMEB-GAPLA-DEMAB-SOLVU-KERAX-AIRPORT,28080,29358,1278,1025,253
156,AA66937456,GIMAX-DIDUM-SIRPO-LEPSA-PSA-*24DF-*11DF-AIRPORT,60298,61798,1500,1110,390
157,AA66927085,REDNI-ASPAT-GIMAX-DIDUM-SIRPO-LEPSA-PSA-ORVIV-AIRPORT,43621,45227,1606,1168,438
158,AA66947039,EMPAX-NELLI-KOVAN-XIBGI-XINLA-XOPMO-ADNIS-PSA-AIRPORT,47019,48629,1610,1139,471
159,AA66978960,EMPAX-NELLI-KOVAN-XIBGI-XINLA-XOPMO-ADNIS-PSA-ORVIV-AIRPORT,71945,73669,1724,1169,555
160,AA66945812,OBIGA-RAMOB-AIRPORT,23229,24443,1214,919,295
161,AA66948553,DOMEG-IRBUP-ANAVI-MTR-ORVIV-AIRPORT,47097,48901,1804,1442,362
162,AA66964312,REDNI-ASPAT-GIMAX-DIDUM-SIRPO-LEPSA-PSA-AIRPORT,49125,50513,1388,1138,250
163,AA66948814,SUDEN-ETAGO-LBU-SUPIX-PSA-AIRPORT,59478,61274,1796,1204,592
164,AA66941392,TAMEB-GAPLA-DEMAB-SOLVU-KERAX-ORVIV-AIRPORT,22950,24330,1380,961,419
165,AA66948943,PESOV-TOBOP-NIVNU-RASVO-MANUV-RAMOB-REDLI-MTR-ORVIV-AIRPORT,30321,31958,1637,1178,459
166,AA66949070,ASPAT-GIMAX-DIDUM-SIRPO-LEPSA-PSA-*23DF-AIRPORT,63577,65072,1495,1208,287
167,AA66948747,PESOV-TOBOP-NIVNU-RAMOB-MTR-AIRPORT,55967,57367,1400,1110,290
168,AA66962145,TAMEB-GAPLA-DEMAB-SOLVU-KERAX-GED-MTR-AIRPORT,56217,57516,1299,914,385
169,AA66953297,KOREV-DIXAT-LIPMI-COL-MTR-ORVIV-AIRPORT,34239,36020,1781,1187,594
170,AA66945097,KOVAN-XIBGI-XINLA-XOPMO-ADNIS-PSA-AIRPORT,21647,23049,1402,962,440
171,AA66948839,ASPAT-GIMAX-DIDUM-SIRPO-LEPSA-PSA-*24DF-*11DF-AIRPORT,60764,62221,1457,1197,260
172,AA66948844,GIMAX-DIDUM-SIRPO-LEPSA-PSA-CHA-*9DF-*10DF-*20DF-*21DF-*22DF-*23DF-*24DF-*11DF-AIRPORT,33497,35113,1616,1336,280
173,AA66948963,EMPAX-NELLI-KOVAN-XIBGI-XINLA-XOPMO-ADNIS-PSA-*24DF-*11DF-AIRPORT,63990,65723,1733,1272,461
174,AA66968142,OBIGA-RAMOB-AIRPORT,70073,71005,932,919,13
175,AA66946772,ESULI-TEDGO-TGO-KOVAN-ETASA-XINLA-SUKON-SUPIX-PSA-AIRPORT,23594,25024,1430,1179,251
176,AA66952967,PESOV-TOBOP-NIVNU-RAMOB-ROKIM-AIRPORT,28361,29891,1530,1206,324
177,AA66967091,RIMET-ODIPI-TUNIV-KERAX-GED-AIRPORT,60421,61552,1131,1090,41
178,AA66967452,NELLI-KOVAN-XIBGI-XINLA-XOPMO-ADNIS-CHA-AIRPORT,58883,60054,1171,1062,109
179,AA66950232,DIK-ADUSU-NIVNU-RAMOB-ROKIM-MTR-AIRPORT,29392,30950,1558,1342,216
180,AA66954157,PESOV-TOBOP-NIVNU-RAMOB-MTR-ORVIV-AIRPORT,39637,41063,1426,1161,265
181,AA66951271,REDNI-ASPAT-GIMAX-DIDUM-SIRPO-LEPSA-PSA-CHA-AIRPORT,23930,25524,1594,1147,447
182,AA66954835,REDNI-ASPAT-GIMAX-DIDUM-SIRPO-LEPSA-PSA-ORVIV-AIRPORT,29137,30631,1494,1168,326
183,AA66949770,REDNI-ASPAT-GIMAX-DIDUM-SIRPO-LEPSA-PSA-AIRPORT,65314,66779,1465,1138,327
184,AA66949671,EMPAX-NELLI-KOVAN-XIBGI-XINLA-XOPMO-ADNIS-PSA-*22DF-AIRPORT,65605,67060,1455,1255,200
185,AA66952627,PESOV-TOBOP-NIVNU-RAMOB-ROKIM-MTR-AIRPORT,30894,32811,1917,1141,776
186,AA66955693,VAGAB-KERAX-GED-MTR-AIRPORT,30212,31350,1138,961,177
187,AA66959672,VAGAB-PILAM-VELIS-ORVIV-AIRPORT,37714,38882,1168,1059,109
188,AA66951640,REDNI-ASPAT-GIMAX-DIDUM-SIRPO-LEPSA-PSA-ORVIV-AIRPORT,37624,39074,1450,1168,282
189,AA66945015,REDNI-ASPAT-GIMAX-DIDUM-SIRPO-LEPSA-PSA-ORVIV-AIRPORT,23200,24511,1311,1168,143
190,AA66951370,PESOV-TOBOP-NIVNU-RAMOB-MTR-ORVIV-AIRPORT,21820,23333,1513,1161,352
191,AA66952608,TAMEB-GAPLA-DEMAB-SOLVU-KERAX-ORVIV-AIRPORT,73061,74295,1234,961,273
192,AA66956821,DIXAT-LIPMI-MTR-ORVIV-AIRPORT,32444,33830,1386,1057,329
193,AA66971072,ROBAR-EMBAD-NATSU-RANIN-GED-ORVIV-AIRPORT,62073,63402,1329,1035,294
194,AA66952463,TAMEB-GAPLA-DEMAB-SOLVU-KERAX-AIRPORT,58995,60350,1355,1025,330
195,AA66952326,TAMEB-GAPLA-DEMAB-SOLVU-KERAX-AIRPORT,38252,39471,1219,1025,194
196,AA66953450,REDNI-ASPAT-GIMAX-DIDUM-SIRPO-LEPSA-PSA-ORVIV-AIRPORT,22863,24245,1382,1168,214
197,AA66957474,GIMAX-DIDUM-SIRPO-LEPSA-PSA-ORVIV-AIRPORT,40179,41410,1231,1007,224
198,AA66961843,EMPAX-NELLI-KOVAN-XIBGI-XINLA-XOPMO-ADNIS-PSA-*24DF-*11DF-AIRPORT,46237,47788,1551,1272,279
199,AA66971073,GAPLA-DEMAB-SOLVU-KERAX-AIRPORT,61224,62341,1117,877,240
200,AA66958487,EMPAX-NELLI-KOVAN-XIBGI-XINLA-XOPMO-ADNIS-PSA-*24DF-*11DF-AIRPORT,36289,37912,1623,1272,351
201,AA66955882,RIMET-ODIPI-TUNIV-KERAX-ORVIV-AIRPORT,31308,32615,1307,1058,249
202,AA66949444,PESOV-TOBOP-NIVNU-RAMOB-REDLI-AIRPORT,23487,24923,1436,1241,195
203,AA66953701,LEPSA-*24DF-*11DF-AIRPORT,21640,22573,933,743,190
204,AA66956077,MISGO-DIXAT-LIPMI-COL-MTR-ORVIV-AIRPORT,40308,41813,1505,1159,346
205,AA66951747,PESOV-TOBOP-NIVNU-RAMOB-ROKIM-AIRPORT,26965,28466,1501,1206,295
206,AA66952858,DIK-ADUSU-MTR-ORVIV-AIRPORT,35586,37080,1494,1412,82
207,AA66973183,EMPAX-NELLI-KOVAN-XIBGI-XINLA-XOPMO-ADNIS-PSA-*24DF-*11DF-AIRPORT,43850,45537,1687,1272,415
208,AA66951836,ERSIL-LESMO-TUNIV-KERAX-AIRPORT,27182,28367,1185,1048,137
209,AA66962097,REDLI-AIRPORT,47524,48471,947,820,127
210,AA66952245,EMPAX-NELLI-KOVAN-XIBGI-XINLA-XOPMO-ADNIS-PSA-AIRPORT,26227,27660,1433,1139,294
211,AA66951691,TAMEB-GAPLA-DEMAB-SOLVU-KERAX-AIRPORT,59600,60894,1294,1025,269
212,AA66952898,RASVO-PIPEP-RAMOB-MTR-ORVIV-AIRPORT,39641,40886,1245,1113,132
213,AA66947055,VAGAB-ORVIV-AIRPORT,48743,49787,1044,977,67
214,AA66955355,GIMAX-DIDUM-SIRPO-LEPSA-PSA-ORVIV-AIRPORT,28667,29808,1141,1007,134
215,AA66954635,GIMAX-DIDUM-SIRPO-LEPSA-PSA-ORVIV-AIRPORT,48407,49652,1245,1007,238
216,AA66952929,EMPAX-NELLI-KOVAN-XIBGI-XINLA-XOPMO-ADNIS-PSA-AIRPORT,35676,37210,1534,1139,395
217,AA66948405,PESOV-TOBOP-NIVNU-RAMOB-ROKIM-MTR-AIRPORT,28854,30347,1493,1141,352
218,AA66952333,CHA-AIRPORT,21655,22419,764,404,360
219,AA66954672,TAMEB-GAPLA-DEMAB-SOLVU-KERAX-GED-MTR-AIRPORT,25152,26471,1319,914,405
220,AA66955479,NIVNU-RAMOB-MTR-ORVIV-AIRPORT,48905,50401,1496,1134,362
221,AA66951286,PESOV-TOBOP-NIVNU-RAMOB-ROKIM-AIRPORT,32262,33992,1730,1206,524
222,AA66949982,PESOV-TOBOP-NIVNU-RAMOB-AIRPORT,21973,23573,1600,1135,465
223,AA66958159,VAGAB-KERAX-ORVIV-AIRPORT,43798,45128,1330,1008,322
224,AA66959509,PESOV-TOBOP-NIVNU-RAMOB-MTR-ORVIV-AIRPORT,38653,40040,1387,1161,226
225,AA66957714,ASPAT-GIMAX-DIDUM-SIRPO-LEPSA-PSA-ORVIV-AIRPORT,29678,31057,1379,1094,285
226,AA66955019,LIMGO-PITES-AIRPORT,60334,61991,1657,1368,289
227,AA66954065,*DL39-*DL41-*DL44-*LN12-LIPMI-COL-MTR-ORVIV-AIRPORT,24039,25824,1785,1295,490
228,AA66954762,REDNI-ASPAT-GIMAX-DIDUM-SIRPO-LEPSA-PSA-ORVIV-AIRPORT,54922,56431,1509,1168,341
229,AA66956965,GIMAX-DIDUM-SIRPO-LEPSA-PSA-ORVIV-AIRPORT,27001,28312,1311,1007,304
230,AA66954669,TAMEB-GAPLA-DEMAB-SOLVU-KERAX-ORVIV-AIRPORT,37800,39116,1316,961,355
231,AA66957401,MISGO-LIPMI-MTR-ORVIV-AIRPORT,24667,26008,1341,1160,181
232,AA66953141,TAMEB-GAPLA-DEMAB-SOLVU-KERAX-ORVIV-AIRPORT,44877,45970,1093,961,132
233,AA66961042,EMPAX-NELLI-KOVAN-XIBGI-XINLA-XOPMO-ADNIS-PSA-*23DF-*24DF-*11DF-AIRPORT,48877,50230,1353,1288,65
234,AA66957998,LIMGO-BETEX-BITBU-AIRPORT,33288,35091,1803,1770,33
235,AA66956877,REDNI-ASPAT-GIMAX-DIDUM-SIRPO-LEPSA-PSA-ORVIV-AIRPORT,24703,26177,1474,1168,306
236,AA66956134,DIK-ADUSU-REDLI-MTR-ORVIV-AIRPORT,43402,44965,1563,1319,244
237,AA66958257,*DS50-*DS40-*DS43-KOVAN-ETASA-XINLA-SUKON-SUPIX-ORVIV-AIRPORT,32675,34031,1356,1189,167
238,AA66945748,LW-*LX04-ASMOX-LULAT-RAMOB-REDLI-AIRPORT,31702,33654,1952,1660,292
239,AA66956752,XIBGI-XINLA-XOPMO-ADNIS-*22DF-AIRPORT,73317,74478,1161,1004,157
240,AA66945070,RIMET-ODIPI-TUNIV-KERAX-GED-MTR-ORVIV-AIRPORT,32381,33923,1542,1062,480
241,AA66956892,GIMAX-DIDUM-SIRPO-LEPSA-PSA-ORVIV-AIRPORT,25027,26281,1254,1007,247
242,AA66958003,EMPAX-NELLI-KOVAN-XIBGI-XINLA-XOPMO-ADNIS-PSA-*24DF-*11DF-AIRPORT,32569,34221,1652,1272,380
243,AA66973918,EMPAX-NELLI-KOVAN-XIBGI-XINLA-XOPMO-ADNIS-PSA-AIRPORT,72140,73874,1734,1139,595
244,AA66958824,KERAX-AIRPORT,41608,42538,930,671,259
245,AA66952459,PESOV-TOBOP-NIVNU-RAMOB-AIRPORT,23785,25169,1384,1135,249
246,AA66956868,REDNI-ASPAT-GIMAX-DIDUM-SIRPO-LEPSA-PSA-AIRPORT,25673,27070,1397,1138,259
247,AA66960318,REDNI-ASPAT-GIMAX-DIDUM-SIRPO-LEPSA-PSA-ORVIV-AIRPORT,38018,39386,1368,1168,200
248,AA66959646,GIMAX-DIDUM-SIRPO-LEPSA-PSA-ORVIV-AIRPORT,42016,43257,1241,1007,234
249,AA66957435,GIMAX-DIDUM-SIRPO-LEPSA-PSA-ORVIV-AIRPORT,58440,59693,1253,1007,246
250,AA66958786,RIMET-ODIPI-TUNIV-KERAX-ORVIV-AIRPORT,35219,36734,1515,1058,457
251,AA66958630,TAMEB-GAPLA-DEMAB-SOLVU-KERAX-ORVIV-AIRPORT,49318,50675,1357,961,396
252,AA66958959,EMPAX-NELLI-KOVAN-XIBGI-XINLA-XOPMO-ADNIS-PSA-AIRPORT,34517,36203,1686,1139,547
253,AA66965223,DIXAT-LIPMI-COL-MTR-ORVIV-AIRPORT,63043,64337,1294,1080,214
254,AA66972266,GIMAX-DIDUM-SIRPO-LEPSA-PSA-ORVIV-AIRPORT,60074,61661,1587,1007,580
255,AA66959119,ESULI-TEDGO-TGO-KOVAN-ETASA-XINLA-SUKON-SUPIX-PSA-CHA-AIRPORT,34446,36141,1695,1188,507
256,AA66954061,OBIGA-RAMOB-ROKIM-MTR-AIRPORT,38361,39513,1152,925,227
257,AA66958152,REDNI-ASPAT-GIMAX-DIDUM-SIRPO-LEPSA-AIRPORT,33841,35613,1772,1635,137
258,AA66958995,GIMAX-DIDUM-SIRPO-LEPSA-PSA-*24DF-*11DF-AIRPORT,36431,37796,1365,1110,255
259,AA66958169,*DL39-*DL41-MTR-ORVIV-AIRPORT,31332,33107,1775,1350,425
260,AA66958918,DIK-ADUSU-ADENU-OBIGA-RAMOB-REDLI-AIRPORT,41388,43000,1612,1392,220
261,AA66952807,TAMEB-GAPLA-DEMAB-SOLVU-KERAX-GED-AIRPORT,45979,47216,1237,993,244
262,AA66976103,PESOV-TOBOP-NIVNU-RAMOB-ROKIM-AIRPORT,61926,63650,1724,1206,518
263,AA66954673,PESOV-TOBOP-NIVNU-RASVO-PIPEP-RAMOB-AIRPORT,29245,30724,1479,1180,299
264,AA66948682,RIMET-ODIPI-TUNIV-ORVIV-AIRPORT,41174,42493,1319,1107,212
265,AA66952586,PESOV-TOBOP-NIVNU-RASVO-EMGOD-RAMOB-REDLI-AIRPORT,31502,32987,1485,1253,232
266,AA66946111,OBIGA-AIRPORT,53773,54940,1167,931,236
267,AA66953831,TAMEB-GAPLA-DEMAB-SOLVU-KERAX-ORVIV-AIRPORT,25410,26708,1298,961,337
268,AA66945319,RIMET-TUNIV-KERAX-GED-AIRPORT,34357,35930,1573,1135,438
269,AA66978562,TAMEB-GAPLA-DEMAB-SOLVU-KERAX-AIRPORT,66815,68104,1289,1025,264
270,AA66955856,KERAX-GED-AIRPORT,45197,45972,775,639,136
271,AA66933404,GIMAX-DIDUM-SIRPO-LEPSA-PSA-*23DF-AIRPORT,27604,28903,1299,1121,178
272,AA66942735,LIMGO-BETEX-IBLUS-AIRPORT,39811,41245,1434,1421,13
273,AA66969828,GIMAX-DIDUM-SIRPO-LEPSA-PSA-AIRPORT,53624,54704,1080,977,103
274,AA66955119,LIMGO-BETEX-RAMOB-AIRPORT,71188,72609,1421,1270,151
275,AA66976142,DOMEG-MTR-AIRPORT,59345,61076,1731,1286,445
276,AA66949359,KERAX-GED-MTR-AIRPORT,21942,22737,795,560,235
277,AA66961975,GIMAX-DIDUM-SIRPO-LEPSA-PSA-ORVIV-AIRPORT,63430,64727,1297,1007,290
278,AA66959963,TAMEB-GAPLA-DEMAB-SOLVU-KERAX-ORVIV-AIRPORT,58418,59506,1088,961,127
279,AA66960343,RIMET-ODIPI-TUNIV-ORVIV-AIRPORT,39409,40695,1286,1107,179
280,AA66959992,MISGO-LIPMI-COL-ROLIS-MTR-ORVIV-AIRPORT,30529,32213,1684,1277,407
281,AA66960394,GIMAX-DIDUM-SIRPO-LEPSA-PSA-AIRPORT,37150,38420,1270,977,293
282,AA66953743,PESOV-TOBOP-NIVNU-RASVO-PIPEP-UNOKO-IBVIL-MANUV-ETARU-AIRPORT,44903,46199,1296,1186,110
283,AA66959979,REDNI-ASPAT-GIMAX-DIDUM-SIRPO-LEPSA-PSA-CHA-AIRPORT,59491,61093,1602,1147,455
284,AA66962466,GIMAX-DIDUM-SIRPO-LEPSA-PSA-AIRPORT,60024,61462,1438,977,461
285,AA66954980,PESOV-TOBOP-NIVNU-RAMOB-MTR-ORVIV-AIRPORT,44305,45744,1439,1161,278
286,AA66963232,MISGO-LIPMI-COL-MTR-ORVIV-AIRPORT,40693,42172,1479,1183,296
287,AA66961626,EMPAX-NELLI-KOVAN-XIBGI-XINLA-XOPMO-ADNIS-PSA-AIRPORT,50527,51948,1421,1139,282
288,AA66960427,TAMEB-GAPLA-DEMAB-SOLVU-KERAX-ORVIV-AIRPORT,59399,60687,1288,961,327
289,AA66963050,EMPAX-NELLI-KOVAN-XIBGI-XINLA-XOPMO-ADNIS-PSA-ORVIV-AIRPORT,46032,47544,1512,1169,343
290,AA66960072,VAGAB-PILAM-VELIS-ORVIV-AIRPORT,45144,46391,1247,1059,188
291,AA66953853,PESOV-TOBOP-NIVNU-RAMOB-ROKIM-MTR-ORVIV-AIRPORT,42657,44000,1343,1192,151
292,AA66961605,GIMAX-DIDUM-SIRPO-*11DF-AIRPORT,46580,47829,1249,1102,147
293,AA66962218,VAGAB-PILAM-VELIS-ORVIV-AIRPORT,48855,49996,1141,1059,82
294,AA66961455,RIMET-ODIPI-TUNIV-KERAX-GED-AIRPORT,43848,45233,1385,1090,295
295,AA66956942,TAMEB-GAPLA-DEMAB-SOLVU-KERAX-GED-AIRPORT,49434,50796,1362,993,369
296,AA66960992,PESOV-TOBOP-NIVNU-REDLI-MTR-ORVIV-AIRPORT,44059,45696,1637,1192,445
297,AA66960568,MISGO-DIXAT-LIPMI-COL-MTR-ORVIV-AIRPORT,50013,51508,1495,1159,336
298,AA66917643,REDNI-ASPAT-GIMAX-DIDUM-SIRPO-LEPSA-PSA-CHA-AIRPORT,21690,23314,1624,1147,477
299,AA66961667,GIMAX-DIDUM-SIRPO-LEPSA-PSA-CHA-AIRPORT,47214,48701,1487,986,501
300,AA66961458,TAMEB-GAPLA-DEMAB-SOLVU-KERAX-GED-AIRPORT,45743,46911,1168,993,175
301,AA66962300,ERSIL-LESMO-TUNIV-KERAX-GED-AIRPORT,44276,45534,1258,1016,242
302,AA66945318,PESOV-TOBOP-NIVNU-RAMOB-ROKIM-MTR-AIRPORT,24085,25730,1645,1141,504
303,AA66961739,RIMET-ODIPI-GED-AIRPORT,41913,43136,1223,1165,58
304,AA66952252,DIK-ADUSU-NIVNU-RASVO-PIPEP-UNOKO-IBVIL-MANUV-RAMOB-MTR-ORVIV-AIRPORT,41639,43312,1673,1369,304
305,AA66960552,EMPAX-NELLI-KOVAN-XIBGI-XINLA-XOPMO-ADNIS-PSA-AIRPORT,73234,74794,1560,1139,421
306,AA66953457,PESOV-TOBOP-NIVNU-RASVO-REDLI-AIRPORT,31548,33136,1588,1250,338
307,AA66954167,PESOV-TOBOP-NIVNU-RASVO-REDLI-MTR-AIRPORT,30452,32204,1752,1125,627
308,AA66961862,REDNI-ASPAT-GIMAX-DIDUM-SIRPO-LEPSA-PSA-ORVIV-AIRPORT,52815,54189,1374,1168,206
309,AA66961649,EMPAX-NELLI-KOVAN-XIBGI-XINLA-XOPMO-ADNIS-PSA-ORVIV-AIRPORT,45232,46583,1351,1169,182
310,AA66961434,EMPAX-NELLI-KOVAN-XIBGI-XINLA-XOPMO-ADNIS-PSA-ORVIV-AIRPORT,41483,43071,1588,1169,419
311,AA66962562,REDNI-ASPAT-GIMAX-DIDUM-SIRPO-LEPSA-PSA-CHA-*9DF-*10DF-*20DF-*21DF-*22DF-AIRPORT,64517,66257,1740,1404,336
312,AA66957922,TAMEB-GAPLA-DEMAB-SOLVU-KERAX-GED-AIRPORT,55924,57181,1257,993,264
313,AA66945273,NIVNU-RASVO-REDLI-AIRPORT,31689,33310,1621,1223,398
314,AA66961640,GIMAX-DIDUM-SIRPO-LEPSA-PSA-ORVIV-AIRPORT,50489,51583,1094,1007,87
315,AA66962087,EMPAX-NELLI-KOVAN-XIBGI-XINLA-XOPMO-ADNIS-PSA-*23DF-AIRPORT,46737,48186,1449,1283,166
316,AA66955455,GIMAX-DIDUM-SIRPO-LEPSA-PSA-*23DF-AIRPORT,40550,41953,1403,1121,282
317,AA66959962,VAGAB-ORVIV-AIRPORT,37552,38680,1128,977,151
318,AA66959619,DIK-ADUSU-MTR-ORVIV-AIRPORT,39668,41191,1523,1412,111
319,AA66962319,TAMEB-GAPLA-DEMAB-SOLVU-KERAX-GED-MTR-AIRPORT,46063,47242,1179,914,265
320,AA66964722,TAMEB-GAPLA-DEMAB-SOLVU-KERAX-AIRPORT,49021,50193,1172,1025,147
321,AA66945165,PESOV-TOBOP-NIVNU-RAMOB-MTR-ORVIV-AIRPORT,22808,24220,1412,1161,251
322,AA66974596,GIMAX-DIDUM-SIRPO-LEPSA-PSA-*24DF-*11DF-AIRPORT,55781,57246,1465,1110,355
323,AA66963303,KERAX-ORVIV-AIRPORT,58241,58995,754,607,147
324,AA66961589,EMPAX-NELLI-KOVAN-XIBGI-XINLA-XOPMO-ADNIS-PSA-ORVIV-AIRPORT,41932,43422,1490,1169,321
325,AA66961564,TAMEB-GAPLA-DEMAB-SOLVU-KERAX-AIRPORT,46702,48009,1307,1025,282
326,AA66958193,PESOV-TOBOP-NIVNU-RASVO-PIPEP-UNOKO-IBVIL-MANUV-RAMOB-REDLI-AIRPORT,39630,40957,1327,1248,79
327,AA66964595,PESOV-TOBOP-NIVNU-RAMOB-MTR-ORVIV-AIRPORT,48695,50129,1434,1161,273
328,AA66957892,TAMEB-GAPLA-DEMAB-SOLVU-KERAX-ORVIV-AIRPORT,51656,52898,1242,961,281
329,AA66944883,MOSUG-LIPMI-COL-MTR-ORVIV-AIRPORT,22228,23721,1493,1194,299
330,AA66963170,GIMAX-DIDUM-SIRPO-LEPSA-*24DF-*11DF-AIRPORT,47038,48359,1321,1122,199
331,AA66946805,DIK-ADUSU-NOSPA-ADENU-OBIGA-RAMOB-AIRPORT,30886,32514,1628,1234,394
332,AA66962073,REDNI-ASPAT-GIMAX-DIDUM-SIRPO-LEPSA-PSA-ORVIV-AIRPORT,46080,47398,1318,1168,150
333,AA66956949,EMPAX-NELLI-KOVAN-XIBGI-XINLA-XOPMO-ADNIS-PSA-CHA-*24DF-*11DF-AIRPORT,33817,35788,1971,1584,387
334,AA66962822,GIMAX-DIDUM-SIRPO-LEPSA-PSA-ORVIV-AIRPORT,41514,43770,2256,1007,1249
335,AA66958266,EMPAX-NELLI-KOVAN-XIBGI-XINLA-XOPMO-ADNIS-PSA-*23DF-*24DF-*11DF-AIRPORT,35320,36666,1346,1288,58
336,AA66952428,KERAX-ORVIV-AIRPORT,21609,22495,886,607,279
337,AA66952933,GIMAX-DIDUM-SIRPO-LEPSA-PSA-*24DF-*11DF-AIRPORT,38229,39723,1494,1110,384
338,AA66944510,COL-MTR-ORVIV-AIRPORT,21699,22965,1266,845,421
339,AA66964156,DIK-ADUSU-RAMOB-ROKIM-MTR-AIRPORT,42515,44108,1593,1345,248
340,AA66953447,LIMGO-ROKIM-MTR-AIRPORT,22353,23839,1486,1353,133
341,AA66964755,GIMAX-DIDUM-SIRPO-LEPSA-PSA-*24DF-*11DF-AIRPORT,72676,74086,1410,1110,300
342,AA66939193,PSA-ORVIV-AIRPORT,36892,37547,655,543,112
343,AA66948699,TAMEB-GAPLA-DEMAB-SOLVU-KERAX-GED-ORVIV-AIRPORT,22948,24092,1144,991,153
344,AA66943519,EMPAX-NELLI-KOVAN-XIBGI-XINLA-XOPMO-ADNIS-PSA-AIRPORT,27829,29170,1341,1139,202
345,AA66963959,REDNI-ASPAT-GIMAX-DIDUM-SIRPO-LEPSA-PSA-AIRPORT,48521,49903,1382,1138,244
346,AA66972938,EMPAX-NELLI-KOVAN-XIBGI-XINLA-XOPMO-ADNIS-PSA-ORVIV-AIRPORT,66150,67612,1462,1169,293
347,AA66957311,TAMEB-GAPLA-DEMAB-SOLVU-KERAX-ORVIV-AIRPORT,25722,26933,1211,961,250
348,AA66963955,ROUSY-DIK-ADUSU-MTR-ORVIV-AIRPORT,48604,50638,2034,1582,452
349,AA66963879,ROBAR-EMBAD-NATSU-RANIN-GED-AIRPORT,46837,48101,1264,1037,227
350,AA66963641,*DL39-*DL41-*DL44-*LN12-LIPMI-COL-MTR-ORVIV-AIRPORT,46006,47650,1644,1295,349
351,AA66963943,RIMET-ODIPI-TUNIV-KERAX-GED-AIRPORT,51260,52512,1252,1090,162
352,AA66955747,TAMEB-GAPLA-DEMAB-SOLVU-KERAX-AIRPORT,55482,56896,1414,1025,389
353,AA66963799,DIXAT-LIPMI-COL-MTR-ORVIV-AIRPORT,59781,61244,1463,1080,383
354,AA66963622,REDNI-ASPAT-GIMAX-DIDUM-SIRPO-LEPSA-PSA-ORVIV-AIRPORT,38201,39662,1461,1168,293
355,AA66963621,SUKAD-REKDI-PSA-ORVIV-AIRPORT,45767,46941,1174,1027,147
356,AA66932372,RIMET-ODIPI-TUNIV-GED-ORVIV-AIRPORT,23750,25146,1396,1136,260
357,AA66947808,DIK-ADUSU-AIRPORT,32436,34331,1895,1884,11
358,AA66951382,EMPAX-NELLI-KOVAN-XIBGI-XINLA-XOPMO-ADNIS-PSA-ORVIV-AIRPORT,23245,24664,1419,1169,250
359,AA66962298,VAGAB-PILAM-VELIS-DEMAB-SOLVU-KERAX-AIRPORT,50940,52307,1367,1065,302
360,AA66944970,RIMET-TUNIV-KERAX-ORVIV-AIRPORT,30714,32018,1304,1103,201
361,AA66964301,EMPAX-NELLI-KOVAN-XIBGI-XINLA-XOPMO-ADNIS-PSA-*24DF-*11DF-AIRPORT,50571,52231,1660,1272,388
362,AA66945024,EMPAX-NELLI-KOVAN-XIBGI-XINLA-XOPMO-ADNIS-PSA-CHA-AIRPORT,21697,23428,1731,1148,583
363,AA66965157,ASPAT-GIMAX-DIDUM-SIRPO-LEPSA-PSA-AIRPORT,53747,55101,1354,1064,290
364,AA66958483,ROUSY-DIK-ADUSU-NIVNU-RASVO-RAMOB-ROKIM-MTR-AIRPORT,34637,36443,1806,1513,293
365,AA66964303,ASPAT-GIMAX-DIDUM-SIRPO-LEPSA-PSA-ORVIV-AIRPORT,51808,53233,1425,1094,331
366,AA66973280,MISGO-LIPMI-MTR-ORVIV-AIRPORT,65550,66965,1415,1160,255
367,AA66965784,EMPAX-NELLI-KOVAN-XIBGI-XINLA-XOPMO-ADNIS-PSA-ORVIV-AIRPORT,24795,26308,1513,1169,344
368,AA66965094,ESULI-TEDGO-TGO-KOVAN-ETASA-XINLA-SUKON-SUPIX-PSA-CHA-AIRPORT,62998,64523,1525,1188,337
369,AA66949415,PESOV-TOBOP-NIVNU-RAMOB-ROKIM-MTR-AIRPORT,21887,23458,1571,1141,430
370,AA66964520,SIRPO-LEPSA-PSA-AIRPORT,72371,73183,812,707,105
371,AA66964856,RIMET-TUNIV-ORVIV-AIRPORT,50761,52150,1389,1152,237
372,AA66944764,EMPAX-NELLI-KOVAN-XIBGI-XINLA-XOPMO-ADNIS-PSA-AIRPORT,23878,25224,1346,1139,207
373,AA66944565,RIMET-ODIPI-TUNIV-KERAX-ORVIV-AIRPORT,33123,34485,1362,1058,304
374,AA66950729,GIMAX-DIDUM-SIRPO-LEPSA-PSA-ORVIV-AIRPORT,27418,28635,1217,1007,210
375,AA66945395,PESOV-TOBOP-NIVNU-REDLI-AIRPORT,28489,29972,1483,1266,217
376,AA66969998,MISGO-DIXAT-LIPMI-MTR-ORVIV-AIRPORT,68573,70081,1508,1136,372
377,AA66959006,SUKAD-REKDI-OLALI-INBOS-PSA-*23DF-*24DF-*11DF-AIRPORT,33589,34978,1389,1152,237
378,AA66947065,TAMEB-GAPLA-DEMAB-SOLVU-KERAX-AIRPORT,48245,49590,1345,1025,320
379,AA66968499,EMPAX-NELLI-KOVAN-XIBGI-XINLA-XOPMO-ADNIS-PSA-*22DF-AIRPORT,61869,63338,1469,1255,214
380,AA66949970,PESOV-TOBOP-NIVNU-RAMOB-MTR-ORVIV-AIRPORT,26394,27818,1424,1161,263
381,AA66967270,EMPAX-NELLI-KOVAN-XIBGI-XINLA-XOPMO-ADNIS-PSA-*22DF-AIRPORT,62334,63816,1482,1255,227
382,AA66968204,TAMEB-GAPLA-DEMAB-SOLVU-KERAX-GED-MTR-AIRPORT,64225,65456,1231,914,317
383,AA66957581,TUNIV-KERAX-ORVIV-AIRPORT,33392,34181,789,681,108
384,AA66944583,XINLA-XOPMO-ADNIS-PSA-AIRPORT,21610,22887,1277,796,481
385,AA66965505,REDNI-ASPAT-GIMAX-DIDUM-SIRPO-LEPSA-PSA-ORVIV-AIRPORT,68656,70270,1614,1168,446
386,AA66944329,ROBAR-EMBAD-NATSU-RANIN-GED-AIRPORT,25118,26377,1259,1037,222
387,AA66954893,MOSUG-LIPMI-MTR-ORVIV-AIRPORT,37069,38518,1449,1171,278
388,AA66945254,MISGO-LIPMI-MTR-ORVIV-AIRPORT,23727,25068,1341,1160,181
389,AA66947166,EMPAX-NELLI-KOVAN-XIBGI-XINLA-XOPMO-ADNIS-PSA-*23DF-AIRPORT,30166,31660,1494,1283,211
390,AA66944668,RIMET-ODIPI-TUNIV-KERAX-GED-AIRPORT,34161,35797,1636,1090,546
391,AA66941963,TUNIV-KERAX-GED-AIRPORT,33919,34844,925,713,212
392,AA66964591,TAMEB-GAPLA-DEMAB-SOLVU-KERAX-GED-MTR-AIRPORT,36188,37432,1244,914,330
393,AA66970734,VAGAB-AIRPORT,64450,65681,1231,1231,0
394,AA66963870,TAMEB-GAPLA-DEMAB-SOLVU-KERAX-GED-MTR-AIRPORT,49521,50995,1474,914,560
395,AA66971872,RIMET-ODIPI-GED-MTR-AIRPORT,63536,64808,1272,1086,186
396,AA66966063,PESOV-TOBOP-NIVNU-RASVO-PIPEP-UNOKO-RAMOB-REDLI-MTR-ORVIV-AIRPORT,35728,37373,1645,1188,457
397,AA66967262,REDNI-ASPAT-GIMAX-DIDUM-SIRPO-LEPSA-PSA-AIRPORT,63706,65443,1737,1138,599
398,AA66968562,GIMAX-DIDUM-SIRPO-LEPSA-PSA-AIRPORT,62078,63432,1354,977,377
399,AA66966817,PESOV-TOBOP-NIVNU-RAMOB-AIRPORT,54978,56166,1188,1135,53
400,AA66969056,ESULI-TEDGO-TGO-KOVAN-ETASA-XINLA-SUKON-SUPIX-PSA-CHA-AIRPORT,35517,37096,1579,1188,391
401,AA66966488,EMPAX-NELLI-KOVAN-XIBGI-XINLA-XOPMO-ADNIS-AIRPORT,69232,70644,1412,1259,153
402,AA66966989,EMPAX-NELLI-KOVAN-XIBGI-XINLA-XOPMO-ADNIS-PSA-ORVIV-AIRPORT,61609,62908,1299,1169,130
403,AA66952405,OBIGA-RAMOB-AIRPORT,25561,26837,1276,919,357
404,AA66970558,PESOV-TOBOP-NIVNU-RAMOB-MTR-ORVIV-AIRPORT,63749,65266,1517,1161,356
405,AA66940142,GED-AIRPORT,21704,22528,824,524,300
406,AA66967979,GIMAX-DIDUM-SIRPO-LEPSA-PSA-AIRPORT,55018,56258,1240,977,263
407,AA66967864,PSA-ORVIV-AIRPORT,57613,58261,648,543,105
408,AA66957466,EMPAX-NELLI-KOVAN-XIBGI-XINLA-XOPMO-ADNIS-PSA-*23DF-AIRPORT,34377,35916,1539,1283,256
409,AA66962420,OBIGA-RAMOB-MTR-ORVIV-AIRPORT,58000,59171,1171,945,226
410,AA66944383,ERSIL-LESMO-TUNIV-KERAX-GED-AIRPORT,29952,31113,1161,1016,145
411,AA66972780,ASPAT-GIMAX-DIDUM-SIRPO-LEPSA-PSA-AIRPORT,63626,65201,1575,1064,511
412,AA66957100,GIMAX-DIDUM-SIRPO-LEPSA-PSA-AIRPORT,30853,32139,1286,977,309
413,AA66967985,RIMET-ODIPI-TUNIV-KERAX-AIRPORT,59907,61346,1439,1122,317
414,AA66956287,EMPAX-NELLI-KOVAN-XIBGI-XINLA-XOPMO-ADNIS-PSA-ORVIV-AIRPORT,29788,31304,1516,1169,347
415,AA66956263,EMPAX-NELLI-KOVAN-XIBGI-XINLA-XOPMO-ADNIS-*23DF-AIRPORT,30044,31566,1522,1343,179
416,AA66950073,EMPAX-NELLI-KOVAN-XIBGI-XINLA-XOPMO-ADNIS-*23DF-*23DF-*24DF-*11DF-AIRPORT,29895,32513,2618,2369,249
417,AA66951696,MOSUG-LIPMI-COL-MTR-ORVIV-AIRPORT,26347,27743,1396,1194,202
418,AA66958384,ERSIL-LESMO-TUNIV-KERAX-ORVIV-AIRPORT,33491,34614,1123,984,139
419,AA66949291,TAMEB-GAPLA-DEMAB-SOLVU-KERAX-GED-AIRPORT,62608,64181,1573,993,580
420,AA66973186,RIMET-ORVIV-AIRPORT,65905,67184,1279,1070,209
421,AA66964652,PESOV-TOBOP-NIVNU-RAMOB-MTR-ORVIV-AIRPORT,52522,53845,1323,1161,162
422,AA66967806,EMPAX-NELLI-KOVAN-XIBGI-XINLA-XOPMO-ADNIS-PSA-CHA-AIRPORT,58881,60251,1370,1148,222
423,AA66968360,REDNI-ASPAT-GIMAX-DIDUM-SIRPO-LEPSA-PSA-AIRPORT,64714,66416,1702,1138,564
424,AA66969331,EMPAX-NELLI-KOVAN-XIBGI-XINLA-XOPMO-ADNIS-PSA-AIRPORT,73962,75340,1378,1139,239
425,AA66945265,PESOV-TOBOP-NIVNU-TAU-MTR-ORVIV-AIRPORT,27211,28528,1317,1197,120
426,AA66946822,EMPAX-NELLI-KOVAN-XIBGI-XINLA-XOPMO-ADNIS-PSA-*24DF-*11DF-AIRPORT,46325,47923,1598,1272,326
427,AA66971426,VAGAB-KERAX-GED-ORVIV-AIRPORT,62425,63591,1166,1038,128
428,AA66967142,EMPAX-NELLI-KOVAN-XIBGI-XINLA-XOPMO-ADNIS-PSA-AIRPORT,40133,41616,1483,1139,344
429,AA66967825,REDNI-ASPAT-GIMAX-DIDUM-SIRPO-LEPSA-PSA-*23DF-*24DF-*11DF-AIRPORT,37823,39277,1454,1287,167
430,AA66961476,NELLI-KOVAN-XIBGI-XINLA-XOPMO-ADNIS-PSA-*23DF-AIRPORT,45965,47389,1424,1214,210
431,AA66970912,TAMEB-GAPLA-DEMAB-SOLVU-KERAX-AIRPORT,61909,63234,1325,1025,300
432,AA66945162,PSA-AIRPORT,25945,26687,742,513,229
433,AA66917672,GIMAX-DIDUM-SIRPO-LEPSA-PSA-CHA-AIRPORT,22042,23517,1475,986,489
434,AA66968863,TAMEB-GAPLA-DEMAB-SOLVU-KERAX-GED-MTR-AIRPORT,61693,62927,1234,914,320
435,AA66958140,REDNI-ASPAT-GIMAX-DIDUM-SIRPO-LEPSA-ORVIV-AIRPORT,33734,35311,1577,1172,405
436,AA66969123,LESMO-TUNIV-KERAX-GED-MTR-AIRPORT,58686,59820,1134,821,313
437,AA66951444,PESOV-TOBOP-NIVNU-REDLI-AIRPORT,28453,29851,1398,1266,132
438,AA66945363,PESOV-TOBOP-NIVNU-RAMOB-ROKIM-AIRPORT,25895,27184,1289,1206,83
439,AA66969593,TUNIV-KERAX-GED-AIRPORT,60291,61144,853,713,140
440,AA66954766,PESOV-TOBOP-NIVNU-RAMOB-MTR-ORVIV-AIRPORT,29727,31189,1462,1161,301
441,AA66968535,REDNI-ASPAT-GIMAX-DIDUM-SIRPO-LEPSA-PSA-ORVIV-AIRPORT,62947,64310,1363,1168,195
442,AA66947531,TAMEB-GAPLA-DEMAB-SOLVU-KERAX-AIRPORT,49067,50313,1246,1025,221
443,AA66958065,TOLTA-ROBAR-EMBAD-NATSU-RANIN-GED-ORVIV-AIRPORT,33424,34999,1575,1179,396
444,AA66947072,TAMEB-GAPLA-DEMAB-SOLVU-KERAX-AIRPORT,49181,50551,1370,1025,345
445,AA66966716,REDNI-ASPAT-GIMAX-DIDUM-SIRPO-LEPSA-ORVIV-AIRPORT,40696,42290,1594,1172,422
446,AA66971274,TOLTA-ROBAR-EMBAD-NATSU-RANIN-GED-AIRPORT,62036,63516,1480,1181,299
447,AA66968996,PESOV-TOBOP-NIVNU-RAMOB-AIRPORT,68537,69918,1381,1135,246
448,AA66957506,PESOV-TOBOP-NIVNU-RASVO-PIPEP-UNOKO-IBVIL-MANUV-RAMOB-ROKIM-AIRPORT,43509,45029,1520,1213,307
449,AA66960446,GIMAX-DIDUM-SIRPO-LEPSA-PSA-AIRPORT,40725,42096,1371,977,394
450,AA66962281,PSA-ORVIV-AIRPORT,50657,51368,711,543,168
451,AA66962243,REDNI-ASPAT-GIMAX-DIDUM-SIRPO-LEPSA-PSA-AIRPORT,45771,47110,1339,1138,201
452,AA66970544,*DS50-*DS40-*DS43-KOVAN-ETASA-XINLA-SUKON-SUPIX-PSA-*24DF-*11DF-AIRPORT,60078,61750,1672,1277,395
453,AA66969830,ASPAT-GIMAX-DIDUM-SIRPO-LEPSA-ORVIV-AIRPORT,64682,65949,1267,1098,169
454,AA66969831,ASPAT-GIMAX-DIDUM-SIRPO-LEPSA-PSA-AIRPORT,60678,62041,1363,1064,299
455,AA66948876,LW-*LX04-ADENU-OBIGA-RAMOB-MTR-ORVIV-AIRPORT,60142,62084,1942,1493,449
456,AA66938130,SORAL-IBERA-OBIGA-RAMOB-ROKIM-MTR-AIRPORT,32998,35249,2251,1531,720
457,AA66961767,REDNI-ASPAT-GIMAX-DIDUM-SIRPO-LEPSA-PSA-AIRPORT,63311,64958,1647,1138,509
458,AA66947356,PESOV-TOBOP-NIVNU-REDLI-AIRPORT,28458,30095,1637,1266,371
459,AA66970301,VAGAB-KERAX-GED-AIRPORT,59720,61377,1657,1040,617
460,AA66972713,KOREV-DIXAT-LIPMI-MTR-ORVIV-AIRPORT,63650,65083,1433,1164,269
461,AA66947976,GIMAX-DIDUM-SIRPO-LEPSA-PSA-CHA-*9DF-*10DF-*20DF-*21DF-*22DF-AIRPORT,32371,33890,1519,1243,276
462,AA66969759,EMPAX-NELLI-KOVAN-ETASA-XINLA-SUKON-SUPIX-PSA-AIRPORT,60382,61873,1491,1148,343
463,AA66967065,TAMEB-GAPLA-DEMAB-SOLVU-KERAX-AIRPORT,56813,58131,1318,1025,293
464,AA66948606,ASPAT-GIMAX-DIDUM-SIRPO-LEPSA-PSA-CHA-*9DF-*10DF-*20DF-*21DF-*22DF-*23DF-*24DF-*11DF-AIRPORT,33687,35701,2014,1423,591
465,AA66941972,ERSIL-LESMO-TUNIV-KERAX-GED-AIRPORT,22940,24074,1134,1016,118
466,AA66944149,GIMAX-DIDUM-SIRPO-LEPSA-PSA-AIRPORT,30246,31445,1199,977,222
467,AA66945174,REDNI-ASPAT-GIMAX-DIDUM-SIRPO-LEPSA-PSA-ORVIV-AIRPORT,32271,33741,1470,1168,302
468,AA66970008,PESOV-TOBOP-NIVNU-RAMOB-AIRPORT,70562,71966,1404,1135,269
469,AA66970578,REDNI-ASPAT-GIMAX-DIDUM-SIRPO-LEPSA-PSA-AIRPORT,65594,66863,1269,1138,131
470,AA66957130,REDNI-ASPAT-GIMAX-DIDUM-SIRPO-LEPSA-PSA-AIRPORT,30289,31777,1488,1138,350
471,AA66958162,VAGAB-KERAX-GED-ORVIV-AIRPORT,34672,36109,1437,1038,399
472,AA66961208,TAMEB-GAPLA-DEMAB-SOLVU-KERAX-GED-AIRPORT,49850,51166,1316,993,323
473,AA66962108,GIMAX-DIDUM-AIRPORT,46661,47902,1241,1235,6
474,AA66962288,REDNI-ASPAT-GIMAX-DIDUM-SIRPO-LEPSA-PSA-ORVIV-AIRPORT,46213,47680,1467,1168,299
475,AA66946866,PESOV-TOBOP-NIVNU-TAU-MTR-ORVIV-AIRPORT,59409,61057,1648,1197,451
476,AA66971381,DIXAT-LIPMI-MTR-ORVIV-AIRPORT,66308,67541,1233,1057,176
477,AA66970360,OBIGA-RAMOB-ROKIM-MTR-AIRPORT,72107,73354,1247,925,322
478,AA66962488,GIMAX-DIDUM-SIRPO-*11DF-AIRPORT,46479,47741,1262,1102,160
479,AA66970562,EMPAX-NELLI-KOVAN-XIBGI-XINLA-XOPMO-ADNIS-PSA-CHA-AIRPORT,63033,64650,1617,1148,469
480,AA66968406,REDNI-ASPAT-GIMAX-DIDUM-SIRPO-LEPSA-PSA-ORVIV-AIRPORT,42660,44200,1540,1168,372
481,AA66971370,RIMET-ODIPI-TUNIV-KERAX-GED-AIRPORT,67799,68994,1195,1090,105
482,AA66948605,PSA-CHA-*24DF-*11DF-AIRPORT,34266,35461,1195,958,237
483,AA66941309,RIMET-ODIPI-TUNIV-GED-AIRPORT,21821,23151,1330,1138,192
484,AA66963043,RIMET-ODIPI-TUNIV-KERAX-GED-AIRPORT,45196,46556,1360,1090,270
485,AA66947628,SUDEN-TEDGO-TGO-SUPIX-PSA-ORVIV-AIRPORT,48262,49660,1398,1299,99
486,AA66973995,ERSIL-LESMO-TUNIV-KERAX-GED-AIRPORT,73898,75141,1243,1016,227
487,AA66958869,PESOV-TOBOP-NIVNU-RAMOB-ROKIM-MTR-AIRPORT,34704,36370,1666,1141,525
488,AA66958617,VAGAB-KERAX-GED-AIRPORT,35043,36299,1256,1040,216
489,AA66944237,GAPLA-DEMAB-SOLVU-KERAX-ORVIV-AIRPORT,24381,25517,1136,813,323
490,AA66939825,TAMEB-GAPLA-DEMAB-SOLVU-KERAX-AIRPORT,26932,28122,1190,1025,165
491,AA66969994,REDNI-ASPAT-GIMAX-DIDUM-SIRPO-LEPSA-PSA-AIRPORT,61288,62668,1380,1138,242
492,AA66946937,PESOV-TOBOP-NIVNU-RAMOB-REDLI-AIRPORT,24004,25581,1577,1241,336
493,AA66972946,ASPAT-GIMAX-DIDUM-SIRPO-LEPSA-PSA-AIRPORT,64439,65895,1456,1064,392
494,AA66973080,REDNI-ASPAT-GIMAX-DIDUM-SIRPO-LEPSA-PSA-ORVIV-AIRPORT,64623,66046,1423,1168,255
495,AA66970863,SIRPO-LEPSA-PSA-AIRPORT,72522,73720,1198,707,491
496,AA66945768,EMPAX-NELLI-KOVAN-XIBGI-XINLA-XOPMO-ADNIS-PSA-*24DF-*11DF-AIRPORT,33497,35326,1829,1272,557
497,AA66963181,ASPAT-TAKUT-RATIM-PSA-ORVIV-AIRPORT,51584,53019,1435,1174,261
498,AA66973130,*DL39-*DL41-MTR-ORVIV-AIRPORT,63647,65175,1528,1350,178
499,AA66962645,MOSUG-LIPMI-MTR-ORVIV-AIRPORT,46745,48244,1499,1171,328
500,AA66948959,PESOV-TOBOP-NIVNU-RAMOB-MTR-ORVIV-AIRPORT,60187,61690,1503,1161,342
501,AA66927135,REDNI-ASPAT-GIMAX-DIDUM-SIRPO-LEPSA-PSA-ORVIV-AIRPORT,43787,45384,1597,1168,429
502,AA66970720,SUKAD-REKDI-OLALI-INBOS-PSA-AIRPORT,60618,61931,1313,1003,310
503,AA66964295,MISGO-LIPMI-COL-MTR-ORVIV-AIRPORT,49322,51072,1750,1183,567
504,AA66964018,EMPAX-NELLI-KOVAN-XIBGI-XINLA-XOPMO-ADNIS-PSA-ORVIV-AIRPORT,51045,52411,1366,1169,197
505,AA66972838,EMPAX-NELLI-KOVAN-XIBGI-XINLA-XOPMO-ADNIS-PSA-AIRPORT,64685,66128,1443,1139,304
506,AA66958184,TAMEB-GAPLA-DEMAB-SOLVU-KERAX-ORVIV-AIRPORT,35232,36613,1381,961,420
507,AA66939972,SUDEN-TEDGO-TGO-SUPIX-PSA-AIRPORT,38325,39959,1634,1269,365
508,AA66961359,ERSIL-LESMO-TUNIV-KERAX-GED-MTR-AIRPORT,40487,41652,1165,937,228
509,AA66974280,PESOV-TOBOP-NIVNU-RAMOB-MTR-AIRPORT,70155,71551,1396,1110,286
510,AA66957465,MISGO-DIXAT-LIPMI-MTR-ORVIV-AIRPORT,33882,35702,1820,1136,684
511,AA66959478,SIRPO-LEPSA-PSA-CHA-*9DF-*10DF-*20DF-*21DF-*22DF-AIRPORT,32594,33738,1144,973,171
512,AA66971844,REDNI-ASPAT-GIMAX-DIDUM-SIRPO-LEPSA-PSA-*23DF-AIRPORT,63314,64831,1517,1282,235
513,AA66973849,RIMET-GED-AIRPORT,67470,68659,1189,1113,76
514,AA66961481,REDLI-MTR-ORVIV-AIRPORT,47641,48576,935,746,189
515,AA66967282,ERSIL-LESMO-TUNIV-KERAX-GED-MTR-AIRPORT,54810,55979,1169,937,232
516,AA66948064,EMPAX-NELLI-KOVAN-XIBGI-XINLA-XOPMO-ADNIS-PSA-ORVIV-AIRPORT,36162,37684,1522,1169,353
517,AA66959199,PSA-CHA-AIRPORT,58032,58708,676,522,154
518,AA66947215,REDNI-ASPAT-GIMAX-DIDUM-SIRPO-LEPSA-PSA-CHA-*9DF-AIRPORT,30372,32134,1762,1629,133
519,AA66974712,ERSIL-LESMO-TUNIV-KERAX-GED-MTR-AIRPORT,70096,71285,1189,937,252
520,AA66973320,NELLI-KOVAN-ETASA-XINLA-SUKON-SUPIX-PSA-ORVIV-AIRPORT,65907,67348,1441,1109,332
521,AA66973544,EMPAX-NELLI-KOVAN-XIBGI-XINLA-XOPMO-ADNIS-PSA-*24DF-*11DF-AIRPORT,72224,73966,1742,1272,470
522,AA66961810,TAMEB-GAPLA-DEMAB-SOLVU-KERAX-GED-AIRPORT,45859,47081,1222,993,229
523,AA66973128,EMPAX-NELLI-KOVAN-XIBGI-XINLA-XOPMO-ADNIS-PSA-*23DF-AIRPORT,64488,66029,1541,1283,258
524,AA66973068,LIMGO-BETEX-ROKIM-MTR-AIRPORT,63921,65368,1447,1267,180
525,AA66962446,OBIGA-RAMOB-MTR-ORVIV-AIRPORT,38269,39663,1394,945,449
526,AA66947113,REDNI-ASPAT-GIMAX-DIDUM-SIRPO-LEPSA-PSA-ORVIV-AIRPORT,48928,50306,1378,1168,210
527,AA66947019,SUKON-SUPIX-PSA-ORVIV-AIRPORT,48507,49337,830,651,179
528,AA66975043,REDNI-ASPAT-GIMAX-DIDUM-SIRPO-LEPSA-PSA-AIRPORT,69497,70846,1349,1138,211
529,AA66972853,EMPAX-NELLI-KOVAN-XIBGI-XINLA-XOPMO-ADNIS-PSA-AIRPORT,66209,67792,1583,1139,444
530,AA66973968,REDNI-ASPAT-GIMAX-DIDUM-SIRPO-LEPSA-PSA-AIRPORT,63801,65622,1821,1138,683
531,AA66952963,DIK-ADENU-OBIGA-RAMOB-MTR-ORVIV-AIRPORT,39375,40813,1438,1247,191
532,AA66973148,PESOV-TOBOP-NIVNU-RAMOB-MTR-ORVIV-AIRPORT,67472,68842,1370,1161,209
533,AA66948570,GIMAX-DIDUM-SIRPO-LEPSA-PSA-AIRPORT,22823,23937,1114,977,137
534,AA66967819,PESOV-TOBOP-NIVNU-REDLI-MTR-ORVIV-AIRPORT,71876,73431,1555,1192,363
535,AA66947634,EMPAX-NELLI-KOVAN-XIBGI-XINLA-XOPMO-ADNIS-PSA-AIRPORT,48916,50433,1517,1139,378
536,AA66942503,TAMEB-GAPLA-DEMAB-SOLVU-KERAX-ORVIV-AIRPORT,33136,34293,1157,961,196
537,AA66945093,TAMEB-GAPLA-DEMAB-SOLVU-KERAX-GED-AIRPORT,31954,33272,1318,993,325
538,AA66964060,TAMEB-GAPLA-DEMAB-SOLVU-KERAX-GED-AIRPORT,50072,51244,1172,993,179
539,AA66966499,PESOV-TOBOP-NIVNU-RASVO-RAMOB-MTR-ORVIV-AIRPORT,43137,44462,1325,1162,163
540,AA66967678,DIXAT-LIPMI-COL-MTR-ORVIV-AIRPORT,62681,64110,1429,1080,349
541,AA66966135,KERAX-AIRPORT,57964,58834,870,671,199
542,AA66974561,REDNI-ASPAT-GIMAX-DIDUM-SIRPO-LEPSA-PSA-AIRPORT,63623,65002,1379,1138,241
543,AA66943978,OBIGA-RAMOB-ROKIM-MTR-AIRPORT,21763,22965,1202,925,277
544,AA66944088,RIMET-TUNIV-KERAX-GED-AIRPORT,28474,29739,1265,1135,130
545,AA66945047,PESOV-TOBOP-NIVNU-RAMOB-ROKIM-MTR-AIRPORT,30313,31707,1394,1141,253
546,AA66961718,RIMET-ORVIV-AIRPORT,44665,45769,1104,1070,34
547,AA66942801,OLALI-INBOS-PSA-CHA-AIRPORT,24291,25612,1321,898,423
548,AA66942808,ANANO-GED-ORVIV-AIRPORT,24222,25300,1078,890,188
549,AA66962853,TAMEB-GAPLA-DEMAB-SOLVU-KERAX-GED-AIRPORT,43675,44907,1232,993,239
550,AA66963049,TAMEB-GAPLA-DEMAB-SOLVU-KERAX-GED-AIRPORT,45144,46460,1316,993,323
551,AA66964207,VAGAB-PILAM-VELIS-DEMAB-SOLVU-KERAX-GED-AIRPORT,49912,51185,1273,1033,240
552,AA66956494,VAGAB-KERAX-GED-MTR-AIRPORT,40622,41866,1244,961,283
553,AA66972112,TAMEB-GAPLA-DEMAB-SOLVU-KERAX-AIRPORT,50515,51821,1306,1025,281
554,AA66975950,TAMEB-GAPLA-DEMAB-SOLVU-KERAX-ORVIV-AIRPORT,59526,60794,1268,961,307
555,AA66955831,SORAL-IBERA-NIVNU-RAMOB-MTR-ORVIV-AIRPORT,35410,37637,2227,1775,452
556,AA66945199,PESOV-TOBOP-NIVNU-RAMOB-ROKIM-MTR-AIRPORT,32959,34659,1700,1141,559
557,AA66971295,EMPAX-NELLI-KOVAN-XIBGI-XINLA-XOPMO-ADNIS-PSA-AIRPORT,66621,67989,1368,1139,229
558,AA66962189,RAMOB-MTR-ORVIV-AIRPORT,47983,48883,900,787,113
559,AA66975116,GIMAX-DIDUM-SIRPO-LEPSA-PSA-CHA-AIRPORT,66889,68352,1463,986,477
560,AA66952987,TAMEB-GAPLA-DEMAB-SOLVU-KERAX-GED-AIRPORT,45333,46628,1295,993,302
561,AA66945747,GIMAX-DIDUM-SIRPO-LEPSA-PSA-ORVIV-AIRPORT,33208,34409,1201,1007,194
562,AA66968021,TUNIV-KERAX-AIRPORT,56715,57473,758,745,13
563,AA66940749,PESOV-TOBOP-NIVNU-RASVO-PIPEP-UNOKO-TAU-MTR-ORVIV-AIRPORT,42557,43881,1324,1206,118
564,AA66962061,PESOV-TOBOP-NIVNU-RAMOB-MTR-AIRPORT,52082,53400,1318,1110,208
565,AA66947384,REDNI-ASPAT-GIMAX-DIDUM-SIRPO-LEPSA-PSA-ORVIV-AIRPORT,47769,49240,1471,1168,303
566,AA66966931,ASPAT-GIMAX-DIDUM-SIRPO-LEPSA-PSA-*24DF-*11DF-AIRPORT,73447,74986,1539,1197,342
567,AA66949440,SUDEN-ETAGO-LBU-SUPIX-PSA-ORVIV-AIRPORT,43306,44952,1646,1234,412
568,AA66955610,GIMAX-DIDUM-SIRPO-LEPSA-PSA-AIRPORT,50658,52064,1406,977,429
569,AA66957282,PESOV-TOBOP-NIVNU-RASVO-PIPEP-*24DF-*11DF-AIRPORT,30964,32951,1987,1764,223
570,AA66955064,REDNI-ASPAT-GIMAX-DIDUM-SIRPO-LEPSA-PSA-AIRPORT,26630,27989,1359,1138,221
571,AA66956864,XAMAN-LOGAN-TRIPO-SABER-BRASO-LAM-TAWNY,45623,46573,950,771,179
572,AA66965556,XAMAN-LOGAN-TRIPO-SABER-BRASO-LAM-TAWNY,64759,65949,1190,771,419
573,AA66941310,INLOD-SUMUM-LOGAN-TRIPO-SABER-BRASO-LAM-TAWNY,23245,24402,1157,804,353
574,AA66976398,INLOD-SUMUM-LOGAN-TRIPO-SABER-BRASO-LAM-TAWNY,70071,71136,1065,804,261
575,AA66941786,INLOD-SUMUM-LOGAN-TRIPO-SABER-BRASO-LAM-TAWNY,23587,24518,931,804,127
576,AA66960336,BOLRO-DOMUT-KATHY-*0OCK-HAZEL-OCK,49729,50828,1099,772,327
577,AA66962040,XAMAN-LOGAN-TRIPO-SABER-BRASO-LAM-TAWNY,52049,53079,1030,771,259
578,AA66955181,DIMAL-ALESO-ROTNO-ETVAX-TIGER-BIG-WEALD,36368,37219,851,695,156
579,AA66966224,DIMAL-ALESO-ROTNO-ETVAX-TIGER-BIG-WEALD,64362,65402,1040,695,345
580,AA66960541,INLOD-SUMUM-LOGAN-TRIPO-SABER-BRASO-LAM-TAWNY,49964,51164,1200,804,396
581,AA66956197,TOBID-SOPIT-WCO-BNN-BOVVA,41551,42109,558,433,125
582,AA66958687,PEDIG-DTY-WCO-BNN-BOVVA,45653,46459,806,734,72
583,AA66964476,XAMAN-LOGAN-TRIPO-SABER-BRASO-LAM-TAWNY,43550,44583,1033,771,262
584,AA66941896,DIMAL-ALESO-ROTNO-ETVAX-TIGER-BIG-WEALD,22666,23765,1099,695,404
585,AA66969013,ABSAV-RUDMO-OCK,72027,72503,476,475,1
586,AA66968294,IDESI-LOGAN-TRIPO-SABER-BRASO-LAM-TAWNY,61131,62078,947,702,245
587,AA66962471,DIMAL-ALESO-ROTNO-ETVAX-TIGER-BIG-WEALD,59787,60720,933,695,238
588,AA66976994,NUMPO-OKESI-BEDEK-NIGIT,74651,75348,697,633,64
589,AA66942065,XAMAN-LOGAN-TRIPO-SABER-BRASO-LAM-TAWNY,27947,29014,1067,771,296
590,AA66942098,INLOD-SUMUM-LOGAN-TRIPO-SABER-BRASO-LAM-TAWNY,30881,31985,1104,804,300
591,AA66966158,KATHY-ELDER-HAZEL-OCK,65047,65730,683,543,140
592,AA66963230,XAMAN-LOGAN-TRIPO-SABER-BRASO-LAM-TAWNY,67849,68900,1051,771,280
593,AA66951929,TOBID-SOPIT-WCO-BNN-BOVVA,37974,38752,778,433,345
594,AA66957857,TOBID-SOPIT-WCO-BNN-BOVVA,57256,57768,512,433,79
595,AA66942429,IDESI-LOGAN-TRIPO-SABER-BRASO-LAM-TAWNY,29205,30276,1071,702,369
596,AA66970267,NUMPO-OKESI-BEDEK-NIGIT-OCK,66732,67894,1162,927,235
597,AA66975976,BOLRO-KATHY-*0OCK-HAZEL-OCK,58440,59449,1009,784,225
598,AA66970503,ODROB-ERING-TOBIX-TUGPO-TERKO-SIRGO-FERIT-LAM-TAWNY,67038,67976,938,745,193
599,AA66961628,BIG-WEALD,57481,57481,0,0,0
600,AA66963041,XAMAN-LOGAN-TRIPO-SABER-BRASO-LAM-TAWNY,57795,58692,897,771,126
601,AA66967660,DIMAL-ALESO-ROTNO-ETVAX-TIGER-BIG-WEALD,58189,59007,818,695,123
602,AA66966081,INLOD-SUMUM-LOGAN-TRIPO-SABER-BRASO-LAM-TAWNY,63227,64607,1380,804,576
603,AA66969589,XAMAN-LOGAN-TRIPO-SABER-BRASO-LAM-TAWNY,60051,61053,1002,771,231
604,AA66966663,XAMAN-LOGAN-TRIPO-SABER-BRASO-LAM-TAWNY,53627,54647,1020,771,249
605,AA66942816,DIMAL-ALESO-ROTNO-ETVAX-TIGER-BIG-WEALD,30597,31433,836,695,141
606,AA66945408,DIMAL-ALESO-ROTNO-ETVAX-TIGER-BIG-WEALD,34639,35770,1131,695,436
607,AA66942190,DIMAL-ALESO-ROTNO-ETVAX-TIGER-BIG-WEALD,26825,27884,1059,695,364
608,AA66958566,*0OCK-HAZEL-OCK,24431,25196,765,455,310
609,AA66955522,INLOD-SUMUM-LOGAN-TRIPO-SABER-BRASO-LAM-TAWNY,52500,53767,1267,804,463
610,AA66964399,DIMAL-ALESO-ROTNO-ETVAX-TIGER-BIG-WEALD-BIG-WEALD,60273,61521,1248,1031,217
611,AA66978505,ODROB-SABER-LIVSU-MANGO-SIRGO-GILDA-LAM-TAWNY,71768,72600,832,828,4
612,AA66964118,KOPUL-UNSAD-BIG-WEALD,60414,61068,654,654,0
613,AA66960938,STAFA-HON-TOBID-SOPIT-WCO-BNN-BOVVA,49041,50040,999,890,109
614,AA66962712,CEDAR-TOBID-SOPIT-WCO-BNN-BOVVA,55056,55837,781,616,165
615,AA66960690,DIMAL-ALESO-ROTNO-ETVAX-TIGER-BIG-WEALD,54141,55002,861,695,166
616,AA66943808,DIMAL-ALESO-ROTNO-ETVAX-TIGER-BIG-WEALD,30174,31321,1147,695,452
617,AA66960798,BOLRO-*0OCK-HAZEL-OCK,28893,29963,1070,795,275
618,AA66967386,DIMAL-ALESO-ROTNO-ETVAX-TIGER-BIG-WEALD,66396,67255,859,695,164
619,AA66966658,IDESI-LOGAN-TRIPO-SABER-LIVSU-MANGO-SIRGO-FERIT-LAM-TAWNY,58777,59698,921,755,166
620,AA66964600,XAMAN-LOGAN-TRIPO-SABER-BRASO-LAM-TAWNY,46284,47234,950,771,179
621,AA66966380,DIMAL-ALESO-ROTNO-ETVAX-TIGER-BIG-WEALD,64572,65644,1072,695,377
622,AA66942549,TOBID-SOPIT-WCO-BNN-BOVVA,25941,26589,648,433,215
623,AA66972188,XAMAN-LOGAN-TRIPO-SABER-BRASO-LAM-TAWNY,56689,57574,885,771,114
624,AA66961479,DIMAL-ALESO-ROTNO-ETVAX-TIGER-BIG-WEALD,46722,47552,830,695,135
625,AA66962352,CEDAR-TOBID-SOPIT-WCO-BNN-BOVVA,57780,58465,685,616,69
626,AA66960585,DIMAL-ALESO-ROTNO-ETVAX-TIGER-BIG-WEALD,33485,34427,942,695,247
627,AA66942347,CEDAR-TOBID-SOPIT-WCO-BNN-BOVVA,24645,25474,829,616,213
628,AA66957571,TOBID-SOPIT-WCO-BNN-BOVVA,56128,56670,542,433,109
629,AA66968902,IDESI-LOGAN-KOPUL-TANET-DET-BIG-WEALD,71920,73015,1095,995,100
630,AA66964254,IDESI-LOGAN-TRIPO-SABER-BRASO-LAM-TAWNY,61667,62628,961,702,259
631,AA66966188,DIMAL-ALESO-ROTNO-ETVAX-TIGER-BIG-WEALD,64756,65910,1154,695,459
632,AA66959674,INLOD-SUMUM-LOGAN-TRIPO-SABER-BRASO-LAM-TAWNY,48272,49256,984,804,180
633,AA66963364,BOLRO-DOMUT-KATHY-*0OCK-HAZEL-OCK,63039,64062,1023,772,251
634,AA66954332,XAMAN-LOGAN-TRIPO-SABER-BRASO-LAM-TAWNY,52500,53521,1021,771,250
635,AA66963214,STAFA-HON-TOBID-SOPIT-WCO-BNN-BOVVA,54915,55927,1012,890,122
636,AA66964617,INLOD-SUMUM-LOGAN-TRIPO-SABER-BRASO-LAM-TAWNY,52140,53392,1252,804,448
637,AA66952360,XAMAN-LOGAN-TRIPO-SABER-BRASO-LAM-TAWNY,36458,37484,1026,771,255
638,AA66978491,DIMAL-ALESO-ROTNO-ETVAX-TIGER-BIG-WEALD,69640,70847,1207,695,512
639,AA66964326,TOBID-SOPIT-WCO-BNN-BOVVA,59694,60277,583,433,150
640,AA66972272,NUMPO-OKESI-BEDEK-NIGIT-OCK-VATON,64553,65793,1240,1040,200
641,AA66959008,IDESI-LOGAN-TRIPO-SABER-BRASO-LAM-TAWNY,47384,48154,770,702,68
642,AA66944080,INLOD-SUMUM-LOGAN-TRIPO-SABER-BRASO-LAM-TAWNY,25230,26411,1181,804,377
643,AA66942599,INLOD-SUMUM-LOGAN-TRIPO-SABER-BRASO-LAM-TAWNY,55021,56093,1072,804,268
644,AA66977392,NUMPO-OKESI-BEDEK-NIGIT-OCK,73480,74513,1033,927,106
645,AA66943310,BOLRO-KATHY-ELDER-HAZEL-OCK,27785,28862,1077,786,291
646,AA66956306,BOLRO-KATHY-*0OCK-HAZEL-OCK,43498,44335,837,784,53
647,AA66962777,TOBID-SOPIT-WCO-BNN-BOVVA,54772,55392,620,433,187
648,AA66970144,XAMAN-LOGAN-TRIPO-SABER-BRASO-LAM-TAWNY,64293,65476,1183,771,412
649,AA66962723,CEDAR-TOBID-SOPIT-WCO-BNN-BOVVA,56750,57476,726,616,110
650,AA66956070,CEDAR-TOBID-SOPIT-WCO-BNN-BOVVA,44690,45481,791,616,175
651,AA66969763,ABSAV-RUDMO-HAZEL-OCK,73158,73734,576,500,76
652,AA66963913,BOLRO-AVANT-MID-OCK,63064,64054,990,905,85
653,AA66958407,LOGAN-TRIPO-SABER-BRASO-LAM-TAWNY,61214,61948,734,574,160
654,AA66970991,XAMAN-LOGAN-TRIPO-SABER-BRASO-LAM-TAWNY,56319,57256,937,771,166
655,AA66954364,INLOD-SUMUM-LOGAN-TRIPO-SABER-BRASO-LAM-TAWNY,28481,29574,1093,804,289
656,AA66962417,CEDAR-TOBID-SOPIT-WCO-BNN-BOVVA,65342,66192,850,616,234
657,AA66961201,CEDAR-TOBID-SOPIT-WCO-BNN-BOVVA,69061,69889,828,616,212
658,AA66964332,DIMAL-ALESO-ROTNO-ETVAX-TIGER-BIG-WEALD,64132,65074,942,695,247
659,AA66951534,GIBSO-BEVUP-KATHY-ABSAV-OCK-TOMMO,25821,27354,1533,1524,9
660,AA66967942,PEDIG-DTY-WCO-BNN-BOVVA,68089,69309,1220,734,486
661,AA66964234,TOBID-SOPIT-WCO-BNN-BOVVA,58764,59374,610,433,177
662,AA66963950,XAMAN-LOGAN-TRIPO-SABER-BRASO-LAM-TAWNY,49236,50142,906,771,135
663,AA66941487,KOPUL-UNSAD-NILON-GILDA-LAM-TAWNY,21714,22383,669,516,153
664,AA66961354,NUMPO-OKESI-BEDEK-NIGIT-OCK,30508,31774,1266,927,339
665,AA66961704,INLOD-SUMUM-LOGAN-TRIPO-SABER-BRASO-LAM-TAWNY,53940,55126,1186,804,382
666,AA66945051,XAMAN-LOGAN-TRIPO-SABER-BRASO-LAM-TAWNY,26896,28229,1333,771,562
667,AA66963037,XAMAN-LOGAN-TRIPO-SABER-BRASO-LAM-TAWNY,38371,39392,1021,771,250
668,AA66975129,DIMAL-ALESO-ROTNO-ETVAX-TIGER-BIG-WEALD,63686,64679,993,695,298
669,AA66969272,DIMAL-ALESO-ROTNO-ETVAX-TIGER-BIG-WEALD,73137,74109,972,695,277
670,AA66957339,GIBSO-BILNI-ELDER-HAZEL-OCK,29974,31104,1130,861,269
671,AA66968304,BOLRO-DOMUT-KATHY-*0OCK-HAZEL-OCK,69287,70371,1084,772,312
672,AA66960246,DIMAL-ALESO-ROTNO-ETVAX-TIGER-BIG-WEALD,53411,54308,897,695,202
673,AA66962939,NUMPO-OKESI-BEDEK-NIGIT-OCK,58431,59668,1237,927,310
674,AA66973628,INLOD-SUMUM-LOGAN-TRIPO-SABER-BRASO-LAM-TAWNY,69128,70225,1097,804,293
675,AA66981069,INLOD-SUMUM-LOGAN-TRIPO-SABER-BRASO-LAM-TAWNY,65378,66444,1066,804,262
676,AA66966319,XAMAN-LOGAN-TRIPO-SABER-BRASO-LAM-TAWNY,66433,67415,982,771,211
677,AA66945544,BOLRO-DOMUT-KATHY-*0OCK-HAZEL-OCK,35009,36199,1190,772,418
678,AA66973120,LOGAN-JACKO-TRIPO-SABER-LIVSU-MANGO-BRASO-WESUL-LAM-TAWNY,68215,69041,826,749,77
679,AA66965464,BOLRO-ABSAV-RUDMO-OCK,64300,65142,842,810,32
680,AA66967268,DIMAL-ALESO-ROTNO-ETVAX-TIGER-BIG-WEALD,67479,68597,1118,695,423
681,AA66967636,DIMAL-ALESO-ROTNO-ETVAX-TIGER-BIG-WEALD,69827,71121,1294,695,599
682,AA66962438,CEDAR-TOBID-SOPIT-WCO-BNN-BOVVA,49538,50394,856,616,240
683,AA66965525,XAMAN-LOGAN-TRIPO-SABER-BRASO-LAM-TAWNY,68024,69154,1130,771,359
684,AA66973085,DIMAL-ALESO-ROTNO-ETVAX-TIGER-BIG-WEALD,69121,70120,999,695,304
685,AA66977197,DIMAL-ALESO-ROTNO-ETVAX-TIGER-BIG-WEALD,69639,70704,1065,695,370
686,AA66968088,IDESI-LOGAN-TRIPO-SABER-BRASO-LAM-TAWNY,68617,69499,882,702,180
687,AA66945164,INLOD-SUMUM-LOGAN-TRIPO-SABER-BRASO-LAM-TAWNY,24660,25830,1170,804,366
688,AA66968336,BOLRO-*0OCK-HAZEL-OCK,71824,72631,807,795,12
689,AA66976186,TOBID-SOPIT-WCO-BNN-BOVVA,71763,72307,544,433,111
690,AA66944521,STAFA-HON-TOBID-SOPIT-WCO-BNN-BOVVA,29956,31040,1084,890,194
691,AA66974090,XAMAN-LOGAN-TRIPO-SABER-BRASO-LAM-TAWNY,72285,73509,1224,771,453
692,AA66973942,ERING-KOPUL-TANET-DET-BIG-WEALD,72021,72843,822,819,3
693,AA66974372,NUMPO-OKESI-BEDEK-NIGIT-OCK,67003,68318,1315,927,388
694,AA66970534,XAMAN-LOGAN-TRIPO-SABER-BRASO-LAM-TAWNY,72563,73741,1178,771,407
695,AA66967567,TOBID-SOPIT-WCO-BNN-BOVVA,66390,66933,543,433,110
696,AA66965365,IDESI-LOGAN-TRIPO-SABER-BRASO-LAM-TAWNY,65315,66419,1104,702,402
697,AA66969875,DIMAL-ALESO-ROTNO-ETVAX-TIGER-BIG-WEALD,72314,73352,1038,695,343
698,AA66952036,INLOD-SUMUM-LOGAN-TRIPO-SABER-BRASO-LAM-TAWNY,51253,52339,1086,804,282
699,AA66945206,DIMAL-ALESO-ROTNO-ETVAX-TIGER-BIG-WEALD,22048,22924,876,695,181
700,AA66966140,HON-TOBID-SOPIT-WCO-BNN-BOVVA,61451,62117,666,535,131
701,AA66969340,INLOD-SUMUM-LOGAN-TRIPO-SABER-BRASO-LAM-TAWNY,70560,71664,1104,804,300
702,AA66950637,NUMPO-OKESI-BEDEK-NIGIT-OCK-TOMMO,24143,25749,1606,1289,317
703,AA66945683,DIMAL-ALESO-ROTNO-ETVAX-TIGER-BIG-WEALD,35158,35989,831,695,136
704,AA66960613,XAMAN-LOGAN-TRIPO-SABER-BRASO-LAM-TAWNY,41735,42958,1223,771,452
705,AA66948098,GILTI-ERING-KOPUL-TANET-DET-BIG-WEALD,68513,69553,1040,987,53
706,AA66945448,XAMAN-LOGAN-TRIPO-SABER-BRASO-LAM-TAWNY,33434,35038,1604,771,833
707,AA66946075,INLOD-SUMUM-LOGAN-TRIPO-SABER-BRASO-LAM-TAWNY,36301,37541,1240,804,436
708,AA66949477,XAMAN-LOGAN-TRIPO-SABER-BRASO-LAM-TAWNY,42057,43162,1105,771,334
709,AA66953682,NUMPO-OKESI-BEDEK-NIGIT-OCK-DORKI-HILLY-BIG-WEALD,30263,31850,1587,1384,203
710,AA66968056,INLOD-SUMUM-LOGAN-TRIPO-SABER-BRASO-LAM-TAWNY,73064,74168,1104,804,300
711,AA66962990,DIMAL-ALESO-ROTNO-ETVAX-TIGER-BIG-WEALD,54852,55758,906,695,211
712,AA66948317,BOLRO-*0OCK-HAZEL-OCK,37355,38529,1174,795,379
713,AA66947134,INLOD-SUMUM-LOGAN-TRIPO-SABER-BRASO-LAM-TAWNY,38075,39142,1067,804,263
714,AA66953949,NUMPO-OKESI-BEDEK-NIGIT-OCK,33409,34774,1365,927,438
715,AA66987812,DIMAL-ALESO,75476,75540,64,57,7
716,AA66960994,NUMPO-OKESI-BEDEK-NIGIT-OCK,50019,51045,1026,927,99
717,AA66948001,INLOD-SUMUM-LOGAN-TRIPO-SABER-BRASO-LAM-TAWNY,45829,46805,976,804,172
718,AA66941299,LAM-TAWNY,22009,22009,0,0,0
719,AA66917295,LAM-TAWNY,21665,21665,0,0,0
720,AA66962766,TOBID-SOPIT-WCO-BNN-BOVVA,57503,58004,501,433,68
721,AA66962050,DIMAL-ALESO-ROTNO-ETVAX-TIGER-BIG-WEALD,53907,55005,1098,695,403
722,AA66956988,DIMAL-ALESO-ROTNO-ETVAX-TIGER-BIG-WEALD,66157,67034,877,695,182
723,AA66956475,HON-WCO-BNN-BOVVA,66786,67666,880,650,230
724,AA66953281,BRIPO-GIBSO-BILNI-KUMIL-ELDER-HAZEL-OCK,29182,30265,1083,945,138
725,AA66956167,NUMPO-OKESI-BEDEK-NIGIT-OCK,48528,49745,1217,927,290
726,AA66954724,NUMPO-OKESI-BEDEK-NIGIT-OCK,26337,27586,1249,927,322
727,AA66955166,NUMPO-OKESI-BEDEK-NIGIT-OCK,24546,25935,1389,927,462
728,AA66947848,INLOD-SUMUM-TUGPO-TERKO-SIRGO-FERIT-LAM-TAWNY,35400,36615,1215,1028,187
729,AA66964161,XAMAN-LOGAN-TRIPO-SABER-BRASO-LAM-TAWNY-LAM-TAWNY,66791,68310,1519,1104,415
730,AA66950429,DIMAL-ALESO-ROTNO-ETVAX-TIGER-BIG-WEALD,37516,38613,1097,695,402
731,AA66952560,GIBSO-BILNI-KUMIL-ELDER-HAZEL-OCK,26299,27491,1192,880,312
732,AA66949732,DIMAL-ALESO-ROTNO-ETVAX-TIGER-BIG-WEALD,39911,40937,1026,695,331
733,AA66942349,XAMAN-LOGAN-TRIPO-SABER-BRASO-LAM-TAWNY,23702,24627,925,771,154
734,AA66949493,INLOD-SUMUM-LOGAN-TRIPO-SABER-BRASO-LAM-TAWNY,45327,46303,976,804,172
735,AA66955712,NUMPO-OKESI-BEDEK-NIGIT-OCK,38746,39910,1164,927,237
736,AA66951826,XAMAN-LOGAN-TRIPO-SABER-BRASO-LAM-TAWNY,46086,46941,855,771,84
737,AA66951203,XAMAN-LOGAN-TRIPO-SABER-BRASO-LAM-TAWNY,43425,44455,1030,771,259
738,AA66961786,XAMAN-LOGAN-TRIPO-SABER-BRASO-LAM-TAWNY,66338,67396,1058,771,287
739,AA66961353,NUMPO-OKESI-BEDEK-NIGIT-OCK,53782,55097,1315,927,388
740,AA66949176,INLOD-SUMUM-LOGAN-TRIPO-SABER-BRASO-LAM-TAWNY,33931,34991,1060,804,256
741,AA66971594,PEDIG-DTY-WCO-BNN-BOVVA,74376,75130,754,734,20
742,AA66953131,INLOD-SUMUM-LOGAN-TRIPO-SABER-BRASO-LAM-TAWNY,46500,47470,970,804,166
743,AA66956361,NUMPO-OKESI-DONNA-BNN-BOVVA,30158,31394,1236,995,241
744,AA66957122,NUMPO-DONNA-BNN-BOVVA,39225,40327,1102,1023,79
745,AA66951935,XAMAN-LOGAN-TRIPO-SABER-BRASO-LAM-TAWNY,50066,51100,1034,771,263
746,AA66957878,NUMPO-OKESI-BEDEK-NIGIT-OCK-DORKI-HILLY-BIG-WEALD,28787,30469,1682,1384,298
747,AA66971454,TOBID-SOPIT-WCO-BNN-BOVVA,74345,74788,443,433,10
748,AA66958680,DIMAL-ALESO-ROTNO-ETVAX-TIGER-BIG-WEALD,45373,46224,851,695,156
749,AA66964762,DIMAL-ALESO-ROTNO-ETVAX-TIGER-BIG-WEALD,54377,55161,784,695,89
750,AA66960126,NUMPO-OKESI-BEDEK-NIGIT-OCK,36902,38079,1177,927,250
751,AA66965142,ODROB-ERING-TOBIX-TUGPO-TERKO-SIRGO-FERIT-LAM-TAWNY,55761,56836,1075,745,330
752,AA66954734,XAMAN-LOGAN-TRIPO-SABER-BRASO-LAM-TAWNY,37058,38257,1199,771,428
753,AA66950864,INLOD-SUMUM-LOGAN-TRIPO-SABER-BRASO-LAM-TAWNY,42313,43365,1052,804,248
754,AA66952277,INLOD-SUMUM-LOGAN-TRIPO-SABER-BRASO-LAM-TAWNY,56049,57050,1001,804,197
755,AA66951791,INLOD-SUMUM-LOGAN-TRIPO-SABER-BRASO-LAM-TAWNY,37379,38423,1044,804,240
756,AA66966747,INLOD-SUMUM-LOGAN-TRIPO-SABER-BRASO-LAM-TAWNY,66154,67339,1185,804,381
757,AA66953455,INLOD-SUMUM-LOGAN-TRIPO-SABER-BRASO-LAM-TAWNY,26137,27476,1339,804,535
758,AA66956078,DIMAL-ALESO-ROTNO-ETVAX-TIGER-BIG-WEALD,40266,41266,1000,695,305
759,AA66951940,DIMAL-ALESO-ROTNO-ETVAX-TIGER-BIG-WEALD,26966,27991,1025,695,330
760,AA66952072,INLOD-SUMUM-LOGAN-TRIPO-SABER-BRASO-LAM-TAWNY,22269,23303,1034,804,230
761,AA66952338,INLOD-SUMUM-LOGAN-TRIPO-SABER-BRASO-LAM-TAWNY,38820,40095,1275,804,471
762,AA66952956,GIBSO-BEVUP-HAZEL-OCK,38322,39491,1169,905,264
763,AA66971593,PEDIG-DTY-WCO-BNN-BOVVA,74468,75253,785,734,51
764,AA66954563,CEDAR-TOBID-SOPIT-WCO-BNN-BOVVA,46634,47326,692,616,76
765,AA66951570,BOLRO-DOMUT-KATHY-*0OCK-BIG-WEALD,32632,33963,1331,1246,85
766,AA66955401,XAMAN-LOGAN-TRIPO-SABER-BRASO-LAM-TAWNY,42603,43681,1078,771,307
767,AA66951743,DIMAL-ALESO-ROTNO-ETVAX-TIGER-BIG-WEALD,50646,51438,792,695,97
768,AA66954063,BOLRO-KATHY-*0OCK-HAZEL-OCK,38697,39670,973,784,189
769,AA66951998,OKESI-BEDEK-NIGIT-OCK-DORKI,21661,22680,1019,667,352
770,AA66941525,ERING-KOPUL-UNSAD-NILON-GILDA-LAM-TAWNY,22626,23394,768,720,48
771,AA66955911,NUMPO-OKESI-BEDEK-NIGIT-OCK,48158,49189,1031,927,104
772,AA66952039,XAMAN-LOGAN-TRIPO-SABER-BRASO-LAM-TAWNY,37158,38217,1059,771,288
773,AA66970845,XAMAN-LOGAN-TRIPO-SABER-BRASO-LAM-TAWNY,65716,66983,1267,771,496
774,AA66967791,PEDIG-DTY-BNN-BOVVA,67138,68073,935,872,63
775,AA66953197,NUMPO-OKESI-BEDEK-NIGIT-OCK,25302,26414,1112,927,185
776,AA66962682,XAMAN-LOGAN-TRIPO-SABER-BRASO-LAM-TAWNY,54192,55242,1050,771,279
777,AA66952330,NUMPO-OKESI-BEDEK-NIGIT-OCK,33187,34545,1358,927,431
778,AA66954043,INLOD-SUMUM-LOGAN-TRIPO-SABER-BRASO-LAM-TAWNY,35280,36691,1411,804,607
779,AA66943174,BOLRO-DOMUT-KATHY-*0OCK-HAZEL-OCK,31100,32286,1186,772,414
780,AA66973624,IDESI-LOGAN-TRIPO-SABER-BRASO-LAM-TAWNY,72059,73004,945,702,243
781,AA66963248,XAMAN-LOGAN-TRIPO-SABER-BRASO-LAM-TAWNY,72079,73095,1016,771,245
782,AA66954250,DIMAL-ALESO-ROTNO-ETVAX-TIGER-BIG-WEALD,42134,43096,962,695,267
783,AA66954261,TOBID-SOPIT-WCO-BNN-BOVVA,35843,36425,582,433,149
784,AA66955315,XAMAN-LOGAN-TRIPO-SABER-BRASO-LAM-TAWNY,41789,42924,1135,771,364
785,AA66955473,INLOD-SUMUM-LOGAN-TRIPO-SABER-BRASO-LAM-TAWNY,58454,59611,1157,804,353
786,AA66953252,NUMPO-OKESI-BEDEK-NIGIT-OCK,34075,35582,1507,927,580
787,AA66955322,KATHY-*0OCK-HAZEL-OCK,40159,41045,886,541,345
788,AA66955062,INLOD-SUMUM-LOGAN-TRIPO-SABER-BRASO-LAM-TAWNY-LAM-TAWNY,28639,30033,1394,1137,257
789,AA66953070,XAMAN-LOGAN-TRIPO-SABER-BRASO-LAM-TAWNY,30079,31287,1208,771,437
790,AA66955732,DIMAL-ALESO-ROTNO-ETVAX-TIGER-BIG-WEALD,39449,40434,985,695,290
791,AA66952337,,21905,40434,18529,18529,0
792,AA66958234,,21905,40434,18529,18529,0
793,AA66957291,,21905,40434,18529,18529,0
794,AA66953619,,21905,40434,18529,18529,0
795,AA66954289,,21905,40434,18529,18529,0
796,AA66957313,,21905,40434,18529,18529,0
797,AA66956217,,21905,40434,18529,18529,0
798,AA66954467,,21905,40434,18529,18529,0
799,AA66955894,,21905,40434,18529,18529,0
800,AA66955009,,21905,40434,18529,18529,0
801,AA66950819,,21905,40434,18529,18529,0
802,AA66956447,,21905,40434,18529,18529,0
803,AA66956235,,21905,40434,18529,18529,0
804,AA66955116,,21905,40434,18529,18529,0
805,AA66954663,,21905,40434,18529,18529,0
806,AA66954920,,21905,40434,18529,18529,0
807,AA66957639,,21905,40434,18529,18529,0
808,AA66956461,,21905,40434,18529,18529,0
809,AA66963233,,21905,40434,18529,18529,0
810,AA66957294,,21905,40434,18529,18529,0
811,AA66959536,,21905,40434,18529,18529,0
812,AA66970067,,21905,40434,18529,18529,0
813,AA66955383,,21905,40434,18529,18529,0
814,AA66955646,,21905,40434,18529,18529,0
815,AA66957116,,21905,40434,18529,18529,0
816,AA66954624,,21905,40434,18529,18529,0
817,AA66952307,,21905,40434,18529,18529,0
818,AA66957277,,21905,40434,18529,18529,0
819,AA66955817,,21905,40434,18529,18529,0
820,AA66956464,,21905,40434,18529,18529,0
821,AA66956110,,21905,40434,18529,18529,0
822,AA66956325,,21905,40434,18529,18529,0
823,AA66956994,,21905,40434,18529,18529,0
824,AA66956111,,21905,40434,18529,18529,0
825,AA66957691,,21905,40434,18529,18529,0
826,AA66957210,,21905,40434,18529,18529,0
827,AA66956906,,21905,40434,18529,18529,0
828,AA66957538,,21905,40434,18529,18529,0
829,AA66956473,,21905,40434,18529,18529,0
830,AA66957502,,21905,40434,18529,18529,0
831,AA66953822,,21905,40434,18529,18529,0
832,AA66957641,,21905,40434,18529,18529,0
833,AA66957278,,21905,40434,18529,18529,0
834,AA66957012,,21905,40434,18529,18529,0
835,AA66958411,,21905,40434,18529,18529,0
836,AA66952092,,21905,40434,18529,18529,0
837,AA66958213,,21905,40434,18529,18529,0
838,AA66958272,,21905,40434,18529,18529,0
839,AA66979088,,21905,40434,18529,18529,0
840,AA66958621,,21905,40434,18529,18529,0
841,AA66959167,,21905,40434,18529,18529,0
842,AA66958284,,21905,40434,18529,18529,0
843,AA66957982,,21905,40434,18529,18529,0
844,AA66953609,,21905,40434,18529,18529,0
845,AA66958893,,21905,40434,18529,18529,0
846,AA66942248,,21905,40434,18529,18529,0
847,AA66961578,,21905,40434,18529,18529,0
848,AA66955003,,21905,40434,18529,18529,0
849,AA66958297,,21905,40434,18529,18529,0
850,AA66958970,,21905,40434,18529,18529,0
851,AA66958750,,21905,40434,18529,18529,0
852,AA66958908,,21905,40434,18529,18529,0
853,AA66958542,,21905,40434,18529,18529,0
854,AA66958746,,21905,40434,18529,18529,0
855,AA66958163,,21905,40434,18529,18529,0
856,AA66954058,,21905,40434,18529,18529,0
857,AA66953398,,21905,40434,18529,18529,0
858,AA66941593,,21905,40434,18529,18529,0
859,AA66959390,,21905,40434,18529,18529,0
860,AA66959398,,21905,40434,18529,18529,0
861,AA66975817,,21905,40434,18529,18529,0
862,AA66941486,,21905,40434,18529,18529,0
863,AA66943237,,21905,40434,18529,18529,0
864,AA66966507,,21905,40434,18529,18529,0
865,AA66961191,,21905,40434,18529,18529,0
866,AA66967124,,21905,40434,18529,18529,0
867,AA66960449,,21905,40434,18529,18529,0
868,AA66957885,,21905,40434,18529,18529,0
869,AA66954182,,21905,40434,18529,18529,0
870,AA66947452,,21905,40434,18529,18529,0
871,AA66952751,,21905,40434,18529,18529,0
872,AA66962179,,21905,40434,18529,18529,0
873,AA66953817,,21905,40434,18529,18529,0
874,AA66947257,,21905,40434,18529,18529,0
875,AA66959934,,21905,40434,18529,18529,0
876,AA66946764,,21905,40434,18529,18529,0
877,AA66958845,,21905,40434,18529,18529,0
878,AA66961489,,21905,40434,18529,18529,0
879,AA66961125,,21905,40434,18529,18529,0
880,AA66963898,,21905,40434,18529,18529,0
881,AA66960249,,21905,40434,18529,18529,0
882,AA66961534,,21905,40434,18529,18529,0
883,AA66961523,,21905,40434,18529,18529,0
884,AA66959702,,21905,40434,18529,18529,0
885,AA66960288,,21905,40434,18529,18529,0
886,AA66953435,,21905,40434,18529,18529,0
887,AA66960511,,21905,40434,18529,18529,0
888,AA66945157,,21905,40434,18529,18529,0
889,AA66960867,,21905,40434,18529,18529,0
890,AA66956151,,21905,40434,18529,18529,0
891,AA66960542,,21905,40434,18529,18529,0
892,AA66955560,,21905,40434,18529,18529,0
893,AA66960571,,21905,40434,18529,18529,0
894,AA66945558,,21905,40434,18529,18529,0
895,AA66967249,,21905,40434,18529,18529,0
896,AA66955424,,21905,40434,18529,18529,0
897,AA66957841,,21905,40434,18529,18529,0
898,AA66954927,,21905,40434,18529,18529,0
899,AA66950920,,21905,40434,18529,18529,0
900,AA66961273,,21905,40434,18529,18529,0
901,AA66961312,,21905,40434,18529,18529,0
902,AA66960933,,21905,40434,18529,18529,0
903,AA66941568,,21905,40434,18529,18529,0
904,AA66941485,,21905,40434,18529,18529,0
905,AA66951132,,21905,40434,18529,18529,0
906,AA66957144,,21905,40434,18529,18529,0
907,AA66956549,,21905,40434,18529,18529,0
908,AA66967699,,21905,40434,18529,18529,0
909,AA66961105,,21905,40434,18529,18529,0
910,AA66960323,,21905,40434,18529,18529,0
911,AA66957156,,21905,40434,18529,18529,0
912,AA66962003,,21905,40434,18529,18529,0
913,AA66953621,,21905,40434,18529,18529,0
914,AA66961393,,21905,40434,18529,18529,0
915,AA66952474,,21905,40434,18529,18529,0
916,AA66959403,,21905,40434,18529,18529,0
917,AA66962414,,21905,40434,18529,18529,0
918,AA66952247,,21905,40434,18529,18529,0
919,AA66963416,,21905,40434,18529,18529,0
920,AA66959463,,21905,40434,18529,18529,0
921,AA66962706,,21905,40434,18529,18529,0
922,AA66952501,,21905,40434,18529,18529,0
923,AA66961758,,21905,40434,18529,18529,0
924,AA66957132,,21905,40434,18529,18529,0
925,AA66961046,,21905,40434,18529,18529,0
926,AA66959391,,21905,40434,18529,18529,0
927,AA66951466,,21905,40434,18529,18529,0
928,AA66959622,,21905,40434,18529,18529,0
929,AA66960812,,21905,40434,18529,18529,0
930,AA66962771,,21905,40434,18529,18529,0
931,AA66963218,,21905,40434,18529,18529,0
932,AA66950260,,21905,40434,18529,18529,0
933,AA66961525,,21905,40434,18529,18529,0
934,AA66958975,,21905,40434,18529,18529,0
935,AA66962922,,21905,40434,18529,18529,0
936,AA66962201,,21905,40434,18529,18529,0
937,AA66961947,,21905,40434,18529,18529,0
938,AA66955316,,21905,40434,18529,18529,0
939,AA66960213,,21905,40434,18529,18529,0
940,AA66962072,,21905,40434,18529,18529,0
941,AA66945156,,21905,40434,18529,18529,0
942,AA66959448,,21905,40434,18529,18529,0
943,AA66963564,,21905,40434,18529,18529,0
944,AA66963122,,21905,40434,18529,18529,0
945,AA66963326,,21905,40434,18529,18529,0
946,AA66966503,,21905,40434,18529,18529,0
947,AA66962257,,21905,40434,18529,18529,0
948,AA66941988,,21905,40434,18529,18529,0
949,AA66962827,,21905,40434,18529,18529,0
950,AA66962595,,21905,40434,18529,18529,0
951,AA66962843,,21905,40434,18529,18529,0
952,AA66956583,,21905,40434,18529,18529,0
953,AA66964699,,21905,40434,18529,18529,0
954,AA66954616,,21905,40434,18529,18529,0
955,AA66963045,,21905,40434,18529,18529,0
956,AA66945652,,21905,40434,18529,18529,0
957,AA66964429,,21905,40434,18529,18529,0
958,AA66962499,,21905,40434,18529,18529,0
959,AA66962681,,21905,40434,18529,18529,0
960,AA66963102,,21905,40434,18529,18529,0
961,AA66963019,,21905,40434,18529,18529,0
962,AA66957605,,21905,40434,18529,18529,0
963,AA66963206,,21905,40434,18529,18529,0
964,AA66964268,,21905,40434,18529,18529,0
965,AA66955576,,21905,40434,18529,18529,0
966,AA66961118,,21905,40434,18529,18529,0
967,AA66962411,,21905,40434,18529,18529,0
968,AA66954551,,21905,40434,18529,18529,0
969,AA66964710,,21905,40434,18529,18529,0
970,AA66941612,,21905,40434,18529,18529,0
971,AA66958069,,21905,40434,18529,18529,0
972,AA66943939,,21905,40434,18529,18529,0
973,AA66965935,,21905,40434,18529,18529,0
974,AA66940604,,21905,40434,18529,18529,0
975,AA66941424,,21905,40434,18529,18529,0
976,AA66951296,,21905,40434,18529,18529,0
977,AA66963994,,21905,40434,18529,18529,0
978,AA66965224,,21905,40434,18529,18529,0
979,AA66951491,,21905,40434,18529,18529,0
980,AA66941232,,21905,40434,18529,18529,0
981,AA66942943,,21905,40434,18529,18529,0
982,AA66969588,,21905,40434,18529,18529,0
983,AA66964475,,21905,40434,18529,18529,0
984,AA66956561,,21905,40434,18529,18529,0
985,AA66970876,,21905,40434,18529,18529,0
986,AA66964586,,21905,40434,18529,18529,0
987,AA66964596,,21905,40434,18529,18529,0
988,AA66958247,,21905,40434,18529,18529,0
989,AA66965535,,21905,40434,18529,18529,0
990,AA66950821,,21905,40434,18529,18529,0
991,AA66964495,,21905,40434,18529,18529,0
992,AA66964504,,21905,40434,18529,18529,0
993,AA66960667,,21905,40434,18529,18529,0
994,AA66964982,,21905,40434,18529,18529,0
995,AA66951869,,21905,40434,18529,18529,0
996,AA66968870,,21905,40434,18529,18529,0
997,AA66943873,,21905,40434,18529,18529,0
998,AA66964901,,21905,40434,18529,18529,0
999,AA66946725,,21905,40434,18529,18529,0
1000,AA66956448,,21905,40434,18529,18529,0
1001,AA66966776,,21905,40434,18529,18529,0
1002,AA66968012,,21905,40434,18529,18529,0
1003,AA66942348,,21905,40434,18529,18529,0
1004,AA66967259,,21905,40434,18529,18529,0
1005,AA66965601,,21905,40434,18529,18529,0
1006,AA66968433,,21905,40434,18529,18529,0
1007,AA66955848,,21905,40434,18529,18529,0
1008,AA66967017,,21905,40434,18529,18529,0
1009,AA66956152,,21905,40434,18529,18529,0
1010,AA66941942,,21905,40434,18529,18529,0
1011,AA66952558,,21905,40434,18529,18529,0
1012,AA66960409,,21905,40434,18529,18529,0
1013,AA66968313,,21905,40434,18529,18529,0
1014,AA66965816,,21905,40434,18529,18529,0
1015,AA66969484,,21905,40434,18529,18529,0
1016,AA66942089,,21905,40434,18529,18529,0
1017,AA66961387,,21905,40434,18529,18529,0
1018,AA66968394,,21905,40434,18529,18529,0
1019,AA66942551,,21905,40434,18529,18529,0
1020,AA66960710,,21905,40434,18529,18529,0
1021,AA66955200,,21905,40434,18529,18529,0
1022,AA66967497,,21905,40434,18529,18529,0
1023,AA66966627,,21905,40434,18529,18529,0
1024,AA66963473,,21905,40434,18529,18529,0
1025,AA66966521,,21905,40434,18529,18529,0
1026,AA66968259,,21905,40434,18529,18529,0
1027,AA66969585,,21905,40434,18529,18529,0
1028,AA66954245,,21905,40434,18529,18529,0
1029,AA66967694,,21905,40434,18529,18529,0
1030,AA66967037,,21905,40434,18529,18529,0
1031,AA66956807,,21905,40434,18529,18529,0
1032,AA66968135,,21905,40434,18529,18529,0
1033,AA66970355,,21905,40434,18529,18529,0
1034,AA66968411,,21905,40434,18529,18529,0
1035,AA66967395,,21905,40434,18529,18529,0
1036,AA66974301,,21905,40434,18529,18529,0
1037,AA66974080,,21905,40434,18529,18529,0
1038,AA66968070,,21905,40434,18529,18529,0
1039,AA66956806,,21905,40434,18529,18529,0
1040,AA66968895,,21905,40434,18529,18529,0
1041,AA66967759,,21905,40434,18529,18529,0
1042,AA66950550,,21905,40434,18529,18529,0
1043,AA66970426,,21905,40434,18529,18529,0
1044,AA66959361,,21905,40434,18529,18529,0
1045,AA66967992,,21905,40434,18529,18529,0
1046,AA66972808,,21905,40434,18529,18529,0
1047,AA66954749,,21905,40434,18529,18529,0
1048,AA66953110,,21905,40434,18529,18529,0
1049,AA66975225,,21905,40434,18529,18529,0
1050,AA66945743,,21905,40434,18529,18529,0
1051,AA66968461,,21905,40434,18529,18529,0
1052,AA66972224,,21905,40434,18529,18529,0
1053,AA66957705,,21905,40434,18529,18529,0
1054,AA66954584,,21905,40434,18529,18529,0
1055,AA66978006,,21905,40434,18529,18529,0
1056,AA66970403,,21905,40434,18529,18529,0
1057,AA66953541,,21905,40434,18529,18529,0
1058,AA66958395,,21905,40434,18529,18529,0
1059,AA66971340,,21905,40434,18529,18529,0
1060,AA66969341,,21905,40434,18529,18529,0
1061,AA66954745,,21905,40434,18529,18529,0
1062,AA66941889,,21905,40434,18529,18529,0
1063,AA66969779,,21905,40434,18529,18529,0
1064,AA66964271,,21905,40434,18529,18529,0
1065,AA66958075,,21905,40434,18529,18529,0
1066,AA66961659,,21905,40434,18529,18529,0
1067,AA66952784,,21905,40434,18529,18529,0
1068,AA66971151,,21905,40434,18529,18529,0
1069,AA66974475,,21905,40434,18529,18529,0
1070,AA66942589,,21905,40434,18529,18529,0
1071,AA66945136,,21905,40434,18529,18529,0
1072,AA66967066,,21905,40434,18529,18529,0
1073,AA66953549,,21905,40434,18529,18529,0
1074,AA66969937,,21905,40434,18529,18529,0
1075,AA66969402,,21905,40434,18529,18529,0
1076,AA66957086,,21905,40434,18529,18529,0
1077,AA66970303,,21905,40434,18529,18529,0
1078,AA66943843,,21905,40434,18529,18529,0
1079,AA66952777,,21905,40434,18529,18529,0
1080,AA66968573,,21905,40434,18529,18529,0
1081,AA66970085,,21905,40434,18529,18529,0
1082,AA66950014,,21905,40434,18529,18529,0
1083,AA66975571,,21905,40434,18529,18529,0
1084,AA66945134,,21905,40434,18529,18529,0
1085,AA66956567,,21905,40434,18529,18529,0
1086,AA66970416,,21905,40434,18529,18529,0
1087,AA66946857,,21905,40434,18529,18529,0
1088,AA66945355,,21905,40434,18529,18529,0
1089,AA66945430,,21905,40434,18529,18529,0
1090,AA66970189,,21905,40434,18529,18529,0
1091,AA66953622,,21905,40434,18529,18529,0
1092,AA66970711,,21905,40434,18529,18529,0
1093,AA66958399,,21905,40434,18529,18529,0
1094,AA66945744,,21905,40434,18529,18529,0
1095,AA66952965,,21905,40434,18529,18529,0
1096,AA66959688,,21905,40434,18529,18529,0
1097,AA66967080,,21905,40434,18529,18529,0
1098,AA66956055,,21905,40434,18529,18529,0
1099,AA66954489,,21905,40434,18529,18529,0
1100,AA66963048,,21905,40434,18529,18529,0
1101,AA66949168,,21905,40434,18529,18529,0
1102,AA66970964,,21905,40434,18529,18529,0
1103,AA66954143,,21905,40434,18529,18529,0
1104,AA66966937,,21905,40434,18529,18529,0
1105,AA66972241,,21905,40434,18529,18529,0
1106,AA66978273,,21905,40434,18529,18529,0
1107,AA66958505,,21905,40434,18529,18529,0
1108,AA66952991,,21905,40434,18529,18529,0
1109,AA66972053,,21905,40434,18529,18529,0
1110,AA66964987,,21905,40434,18529,18529,0
1111,AA66958648,,21905,40434,18529,18529,0
1112,AA66964382,,21905,40434,18529,18529,0
1113,AA66970608,,21905,40434,18529,18529,0
1114,AA66972393,,21905,40434,18529,18529,0
1115,AA66953771,,21905,40434,18529,18529,0
1116,AA66973666,,21905,40434,18529,18529,0
1117,AA66942550,,21905,40434,18529,18529,0
1118,AA66957123,,21905,40434,18529,18529,0
1119,AA66946946,,21905,40434,18529,18529,0
1120,AA66969324,,21905,40434,18529,18529,0
1121,AA66942128,,21905,40434,18529,18529,0
1122,AA66964204,,21905,40434,18529,18529,0
1123,AA66967676,,21905,40434,18529,18529,0
1124,AA66954362,,21905,40434,18529,18529,0
1125,AA66955267,,21905,40434,18529,18529,0
1126,AA66973079,,21905,40434,18529,18529,0
1127,AA66954335,,21905,40434,18529,18529,0
1128,AA66958264,,21905,40434,18529,18529,0
1129,AA66949780,,21905,40434,18529,18529,0
1130,AA66960836,,21905,40434,18529,18529,0
1131,AA66960813,,21905,40434,18529,18529,0
1132,AA66942448,,21905,40434,18529,18529,0
1133,AA66952534,,21905,40434,18529,18529,0
1134,AA66958336,,21905,40434,18529,18529,0
1135,AA66951988,,21905,40434,18529,18529,0
1136,AA66971951,,21905,40434,18529,18529,0
1137,AA66974037,,21905,40434,18529,18529,0
1138,AA66976343,,21905,40434,18529,18529,0
1139,AA66965379,,21905,40434,18529,18529,0
1140,AA66953606,,21905,40434,18529,18529,0
1141,AA66956882,,21905,40434,18529,18529,0
1142,AA66954597,,21905,40434,18529,18529,0
1143,AA66940314,,21905,40434,18529,18529,0
1144,AA66973810,,21905,40434,18529,18529,0
1145,AA66941702,,21905,40434,18529,18529,0
1146,AA66961368,,21905,40434,18529,18529,0
1147,AA66941268,,21905,40434,18529,18529,0
1148,AA66966058,,21905,40434,18529,18529,0
1149,AA66973874,,21905,40434,18529,18529,0
1150,AA66953289,,21905,40434,18529,18529,0
1151,AA66964602,,21905,40434,18529,18529,0
1152,AA66956380,,21905,40434,18529,18529,0
1153,AA66941233,,21905,40434,18529,18529,0
1154,AA66956497,,21905,40434,18529,18529,0
1155,AA66955136,,21905,40434,18529,18529,0
1156,AA66963625,,21905,40434,18529,18529,0
1157,AA66945653,,21905,40434,18529,18529,0
1158,AA66961059,,21905,40434,18529,18529,0
1159,AA66959828,,21905,40434,18529,18529,0
1160,AA66958032,,21905,40434,18529,18529,0
1161,AA66978203,,21905,40434,18529,18529,0
1162,AA66959338,,21905,40434,18529,18529,0
1163,AA66963367,,21905,40434,18529,18529,0
1164,AA66935384,,21905,40434,18529,18529,0
1165,AA66974403,,21905,40434,18529,18529,0
1166,AA66953243,,21905,40434,18529,18529,0
1167,AA66952761,,21905,40434,18529,18529,0
1168,AA66967679,,21905,40434,18529,18529,0
1169,AA66942074,,21905,40434,18529,18529,0
1170,AA66961533,,21905,40434,18529,18529,0
1171,AA66959867,,21905,40434,18529,18529,0
1172,AA66953429,,21905,40434,18529,18529,0
1173,AA66959044,,21905,40434,18529,18529,0
1174,AA66957947,,21905,40434,18529,18529,0
1175,AA66942471,,21905,40434,18529,18529,0
1176,AA66958494,,21905,40434,18529,18529,0
1177,AA66959423,,21905,40434,18529,18529,0
1178,AA66976012,,21905,40434,18529,18529,0
1179,AA66958724,,21905,40434,18529,18529,0
1180,AA66976566,,21905,40434,18529,18529,0
1181,AA66956717,,21905,40434,18529,18529,0
1182,AA66970776,,21905,40434,18529,18529,0
1183,AA66955190,,21905,40434,18529,18529,0
1184,AA66955306,,21905,40434,18529,18529,0
1185,AA66977021,,21905,40434,18529,18529,0
1186,AA66948260,,21905,40434,18529,18529,0
1187,AA66972844,,21905,40434,18529,18529,0
1188,AA66967503,,21905,40434,18529,18529,0
1189,AA66949718,,21905,40434,18529,18529,0
1190,AA66949878,,21905,40434,18529,18529,0
1191,AA66946698,,21905,40434,18529,18529,0
1192,AA66978508,,21905,40434,18529,18529,0
1193,AA66971459,,21905,40434,18529,18529,0
1194,AA66977131,,21905,40434,18529,18529,0
1195,AA66966253,,21905,40434,18529,18529,0
1196,AA66946731,,21905,40434,18529,18529,0
1197,AA66941968,,21905,40434,18529,18529,0
1198,AA66942310,,21905,40434,18529,18529,0
1199,AA66980296,,21905,40434,18529,18529,0
1200,AA66962238,,21905,40434,18529,18529,0
1201,AA66942384,,21905,40434,18529,18529,0
1202,AA66978532,,21905,40434,18529,18529,0
1203,AA66978889,,21905,40434,18529,18529,0
1204,AA66971393,,21905,40434,18529,18529,0
1205,AA66977443,,21905,40434,18529,18529,0
1206,AA66976003,,21905,40434,18529,18529,0
1207,AA66967565,,21905,40434,18529,18529,0
1208,AA66948776,,21905,40434,18529,18529,0
1209,AA66944134,,21905,40434,18529,18529,0
1210,AA66952203,,21905,40434,18529,18529,0
1211,AA66955414,,21905,40434,18529,18529,0
1212,AA66963386,,21905,40434,18529,18529,0
1213,AA66981012,,21905,40434,18529,18529,0
1214,AA66964227,,21905,40434,18529,18529,0
1215,AA66963483,,21905,40434,18529,18529,0
1216,AA66957248,,21905,40434,18529,18529,0
1217,AA66960147,,21905,40434,18529,18529,0
1218,AA66965845,,21905,40434,18529,18529,0
1219,AA66950439,,21905,40434,18529,18529,0
1220,AA66949478,,21905,40434,18529,18529,0
1221,AA66965255,,21905,40434,18529,18529,0
1222,AA66978085,,21905,40434,18529,18529,0
1223,AA66975013,,21905,40434,18529,18529,0
1224,AA66968175,,21905,40434,18529,18529,0
1225,AA66940471,,21905,40434,18529,18529,0
1226,AA66949466,,21905,40434,18529,18529,0
1227,AA66971349,,21905,40434,18529,18529,0
1228,AA66949432,,21905,40434,18529,18529,0
1229,AA66962805,,21905,40434,18529,18529,0
1230,AA66960139,,21905,40434,18529,18529,0
1231,AA66977944,,21905,40434,18529,18529,0
1232,AA66961839,,21905,40434,18529,18529,0
1233,AA66971812,,21905,40434,18529,18529,0
1234,AA66952158,,21905,40434,18529,18529,0
1235,AA66978793,,21905,40434,18529,18529,0
1236,AA66961680,,21905,40434,18529,18529,0
1237,AA66965673,,21905,40434,18529,18529,0
1238,AA66967901,,21905,40434,18529,18529,0
1239,AA66976262,,21905,40434,18529,18529,0
1240,AA66978322,,21905,40434,18529,18529,0
1241,AA66978121,,21905,40434,18529,18529,0
1242,AA66975799,,21905,40434,18529,18529,0
1243,AA66944203,,21905,40434,18529,18529,0
1244,AA66953335,,21905,40434,18529,18529,0
1245,AA66964288,,21905,40434,18529,18529,0
1246,AA66975676,,21905,40434,18529,18529,0
1247,AA66979399,,21905,40434,18529,18529,0
1248,AA66966016,,21905,40434,18529,18529,0
1249,AA66963392,,21905,40434,18529,18529,0
1250,AA66966721,,21905,40434,18529,18529,0
1251,AA66969279,,21905,40434,18529,18529,0
1252,AA66974708,,21905,40434,18529,18529,0
1253,AA66977345,,21905,40434,18529,18529,0
1254,AA66967741,,21905,40434,18529,18529,0
1255,AA66967314,,21905,40434,18529,18529,0
1256,AA66968949,,21905,40434,18529,18529,0
1257,AA66953061,,21905,40434,18529,18529,0
1258,AA66950788,,21905,40434,18529,18529,0
1259,AA66944439,,21905,40434,18529,18529,0
1260,AA66913039,,21905,40434,18529,18529,0
1261,AA66962105,,21905,40434,18529,18529,0
1262,AA66963889,,21905,40434,18529,18529,0
1263,AA66967464,,21905,40434,18529,18529,0
1264,AA66967861,,21905,40434,18529,18529,0
1265,AA66969750,,21905,40434,18529,18529,0
1266,AA66977562,,21905,40434,18529,18529,0
1267,AA66965546,,21905,40434,18529,18529,0
1268,AA66974501,,21905,40434,18529,18529,0
1269,AA66956950,,21905,40434,18529,18529,0
1270,AA66977344,,21905,40434,18529,18529,0
1271,AA66952938,,21905,40434,18529,18529,0
1272,AA66962966,,21905,40434,18529,18529,0
1273,AA66945287,,21905,40434,18529,18529,0
1274,AA66954410,,21905,40434,18529,18529,0
1275,AA66973358,,21905,40434,18529,18529,0
1276,AA66947807,,21905,40434,18529,18529,0
1277,AA66947016,,21905,40434,18529,18529,0
1278,AA66948974,,21905,40434,18529,18529,0
1279,AA66948527,,21905,40434,18529,18529,0
1280,AA66965280,,21905,40434,18529,18529,0
1281,AA66959550,,21905,40434,18529,18529,0
1282,AA66949642,,21905,40434,18529,18529,0
1283,AA66972966,,21905,40434,18529,18529,0
1284,AA66951738,,21905,40434,18529,18529,0
1285,AA66942168,,21905,40434,18529,18529,0
1286,AA66973559,,21905,40434,18529,18529,0
1287,AA66947993,,21905,40434,18529,18529,0
1288,AA66955004,,21905,40434,18529,18529,0
1289,AA66949882,,21905,40434,18529,18529,0
1290,AA66955601,,21905,40434,18529,18529,0
1291,AA66948645,,21905,40434,18529,18529,0
1292,AA66944992,,21905,40434,18529,18529,0
1293,AA66946324,,21905,40434,18529,18529,0
1294,AA66951404,,21905,40434,18529,18529,0
1295,AA66972008,,21905,40434,18529,18529,0
1296,AA66952257,,21905,40434,18529,18529,0
1297,AA66965501,,21905,40434,18529,18529,0
1298,AA66957302,,21905,40434,18529,18529,0
1299,AA66950473,,21905,40434,18529,18529,0
1300,AA66964472,,21905,40434,18529,18529,0
1301,AA66967185,,21905,40434,18529,18529,0
1302,AA66956911,,21905,40434,18529,18529,0
1303,AA66960472,,21905,40434,18529,18529,0
1304,AA66956103,,21905,40434,18529,18529,0
1305,AA66944914,,21905,40434,18529,18529,0
1306,AA66953487,,21905,40434,18529,18529,0
1307,AA66967239,,21905,40434,18529,18529,0
1308,AA66953221,,21905,40434,18529,18529,0
1309,AA66952142,,21905,40434,18529,18529,0
1310,AA66952551,,21905,40434,18529,18529,0
1311,AA66955599,,21905,40434,18529,18529,0
1312,AA66953821,,21905,40434,18529,18529,0
1313,AA66961117,,21905,40434,18529,18529,0
1314,AA66952228,,21905,40434,18529,18529,0
1315,AA66960817,,21905,40434,18529,18529,0
1316,AA66955873,,21905,40434,18529,18529,0
1317,AA66966620,,21905,40434,18529,18529,0
1318,AA66951442,,21905,40434,18529,18529,0
1319,AA66954746,,21905,40434,18529,18529,0
1320,AA66953172,,21905,40434,18529,18529,0
1321,AA66948711,,21905,40434,18529,18529,0
1322,AA66952086,,21905,40434,18529,18529,0
1323,AA66953441,,21905,40434,18529,18529,0
1324,AA66952166,,21905,40434,18529,18529,0
1325,AA66973531,,21905,40434,18529,18529,0
1326,AA66953707,,21905,40434,18529,18529,0
1327,AA66952809,,21905,40434,18529,18529,0
1328,AA66973425,,21905,40434,18529,18529,0
1329,AA66955489,,21905,40434,18529,18529,0
1330,AA66963370,,21905,40434,18529,18529,0
1331,AA66958415,,21905,40434,18529,18529,0
1332,AA66952818,,21905,40434,18529,18529,0
1333,AA66955087,,21905,40434,18529,18529,0
1334,AA66952696,,21905,40434,18529,18529,0
1335,AA66955254,,21905,40434,18529,18529,0
1336,AA66954024,,21905,40434,18529,18529,0
1337,AA66948055,,21905,40434,18529,18529,0
1338,AA66953712,,21905,40434,18529,18529,0
1339,AA66954507,,21905,40434,18529,18529,0
1340,AA66964631,,21905,40434,18529,18529,0
1341,AA66954004,,21905,40434,18529,18529,0
1342,AA66955132,,21905,40434,18529,18529,0
1343,AA66954601,,21905,40434,18529,18529,0
1344,AA66955458,,21905,40434,18529,18529,0
1345,AA66954501,,21905,40434,18529,18529,0
1346,AA66955263,,21905,40434,18529,18529,0
1347,AA66954776,,21905,40434,18529,18529,0
1348,AA66974630,,21905,40434,18529,18529,0
1349,AA66956907,,21905,40434,18529,18529,0
1350,AA66958642,,21905,40434,18529,18529,0
1351,AA66960115,,21905,40434,18529,18529,0
1352,AA66960118,,21905,40434,18529,18529,0
1353,AA66956283,,21905,40434,18529,18529,0
1354,AA66969755,,21905,40434,18529,18529,0
1355,AA66956571,,21905,40434,18529,18529,0
1356,AA66944441,,21905,40434,18529,18529,0
1357,AA66944443,,21905,40434,18529,18529,0
1358,AA66956832,,21905,40434,18529,18529,0
1359,AA66958063,,21905,40434,18529,18529,0
1360,AA66957696,,21905,40434,18529,18529,0
1361,AA66957866,,21905,40434,18529,18529,0
1362,AA66957455,,21905,40434,18529,18529,0
1363,AA66958878,,21905,40434,18529,18529,0
1364,AA66957596,,21905,40434,18529,18529,0
1365,AA66957301,,21905,40434,18529,18529,0
1366,AA66957657,,21905,40434,18529,18529,0
1367,AA66958969,,21905,40434,18529,18529,0
1368,AA66952487,,21905,40434,18529,18529,0
1369,AA66959015,,21905,40434,18529,18529,0
1370,AA66959697,,21905,40434,18529,18529,0
1371,AA66960918,,21905,40434,18529,18529,0
1372,AA66958351,,21905,40434,18529,18529,0
1373,AA66960376,,21905,40434,18529,18529,0
1374,AA66958875,,21905,40434,18529,18529,0
1375,AA66958914,,21905,40434,18529,18529,0
1376,AA66958607,,21905,40434,18529,18529,0
1377,AA66958906,,21905,40434,18529,18529,0
1378,AA66959648,,21905,40434,18529,18529,0
1379,AA66958933,,21905,40434,18529,18529,0
1380,AA66963782,,21905,40434,18529,18529,0
1381,AA66958306,,21905,40434,18529,18529,0
1382,AA66959850,,21905,40434,18529,18529,0
1383,AA66959048,,21905,40434,18529,18529,0
1384,AA66978232,,21905,40434,18529,18529,0
1385,AA66940605,,21905,40434,18529,18529,0
1386,AA66977783,,21905,40434,18529,18529,0
1387,AA66952598,,21905,40434,18529,18529,0
1388,AA66944555,,21905,40434,18529,18529,0
1389,AA66960088,,21905,40434,18529,18529,0
1390,AA66949811,,21905,40434,18529,18529,0
1391,AA66960212,,21905,40434,18529,18529,0
1392,AA66960238,,21905,40434,18529,18529,0
1393,AA66957526,,21905,40434,18529,18529,0
1394,AA66960039,,21905,40434,18529,18529,0
1395,AA66949341,,21905,40434,18529,18529,0
1396,AA66961174,,21905,40434,18529,18529,0
1397,AA66960257,,21905,40434,18529,18529,0
1398,AA66961109,,21905,40434,18529,18529,0
1399,AA66951114,,21905,40434,18529,18529,0
1400,AA66961075,,21905,40434,18529,18529,0
1401,AA66959668,,21905,40434,18529,18529,0
1402,AA66960767,,21905,40434,18529,18529,0
1403,AA66960759,,21905,40434,18529,18529,0
1404,AA66961390,,21905,40434,18529,18529,0
1405,AA66958905,,21905,40434,18529,18529,0
1406,AA66961893,,21905,40434,18529,18529,0
1407,AA66959632,,21905,40434,18529,18529,0
1408,AA66971204,,21905,40434,18529,18529,0
1409,AA66962942,,21905,40434,18529,18529,0
1410,AA66959453,,21905,40434,18529,18529,0
1411,AA66959483,,21905,40434,18529,18529,0
1412,AA66965078,,21905,40434,18529,18529,0
1413,AA66976642,,21905,40434,18529,18529,0
1414,AA66953409,,21905,40434,18529,18529,0
1415,AA66952230,,21905,40434,18529,18529,0
1416,AA66956184,,21905,40434,18529,18529,0
1417,AA66962147,,21905,40434,18529,18529,0
1418,AA66962247,,21905,40434,18529,18529,0
1419,AA66970351,,21905,40434,18529,18529,0
1420,AA66935290,,21905,40434,18529,18529,0
1421,AA66959710,,21905,40434,18529,18529,0
1422,AA66945723,,21905,40434,18529,18529,0
1423,AA66972639,,21905,40434,18529,18529,0
1424,AA66967370,,21905,40434,18529,18529,0
1425,AA66941922,,21905,40434,18529,18529,0
1426,AA66972937,,21905,40434,18529,18529,0
1427,AA66964376,,21905,40434,18529,18529,0
1428,AA66963711,,21905,40434,18529,18529,0
1429,AA66947493,,21905,40434,18529,18529,0
1430,AA66965477,,21905,40434,18529,18529,0
1431,AA66963491,,21905,40434,18529,18529,0
1432,AA66964539,,21905,40434,18529,18529,0
1433,AA66948144,,21905,40434,18529,18529,0
1434,AA66960658,,21905,40434,18529,18529,0
1435,AA66955986,,21905,40434,18529,18529,0
1436,AA66964093,,21905,40434,18529,18529,0
1437,AA66959451,,21905,40434,18529,18529,0
1438,AA66975543,,21905,40434,18529,18529,0
1439,AA66955534,,21905,40434,18529,18529,0
1440,AA66963840,,21905,40434,18529,18529,0
1441,AA66967278,,21905,40434,18529,18529,0
1442,AA66947276,,21905,40434,18529,18529,0
1443,AA66965188,,21905,40434,18529,18529,0
1444,AA66960494,,21905,40434,18529,18529,0
1445,AA66955642,,21905,40434,18529,18529,0
1446,AA66967627,,21905,40434,18529,18529,0
1447,AA66965698,,21905,40434,18529,18529,0
1448,AA66966047,,21905,40434,18529,18529,0
1449,AA66928323,,21905,40434,18529,18529,0
1450,AA66952968,,21905,40434,18529,18529,0
1451,AA66965642,,21905,40434,18529,18529,0
1452,AA66965444,,21905,40434,18529,18529,0
1453,AA66961146,,21905,40434,18529,18529,0
1454,AA66965290,,21905,40434,18529,18529,0
1455,AA66944594,,21905,40434,18529,18529,0
1456,AA66956916,,21905,40434,18529,18529,0
1457,AA66959572,,21905,40434,18529,18529,0
1458,AA66959268,,21905,40434,18529,18529,0
1459,AA66967829,,21905,40434,18529,18529,0
1460,AA66965837,,21905,40434,18529,18529,0
1461,AA66958942,,21905,40434,18529,18529,0
1462,AA66966314,,21905,40434,18529,18529,0
1463,AA66951506,,21905,40434,18529,18529,0
1464,AA66946494,,21905,40434,18529,18529,0
1465,AA66955764,,21905,40434,18529,18529,0
1466,AA66971420,,21905,40434,18529,18529,0
1467,AA66951687,,21905,40434,18529,18529,0
1468,AA66954789,,21905,40434,18529,18529,0
1469,AA66956895,,21905,40434,18529,18529,0
1470,AA66960219,,21905,40434,18529,18529,0
1471,AA66965915,,21905,40434,18529,18529,0
1472,AA66952677,,21905,40434,18529,18529,0
1473,AA66965560,,21905,40434,18529,18529,0
1474,AA66967130,,21905,40434,18529,18529,0
1475,AA66960202,,21905,40434,18529,18529,0
1476,AA66951373,,21905,40434,18529,18529,0
1477,AA66941070,,21905,40434,18529,18529,0
1478,AA66966723,,21905,40434,18529,18529,0
1479,AA66966345,,21905,40434,18529,18529,0
1480,AA66966979,,21905,40434,18529,18529,0
1481,AA66966873,,21905,40434,18529,18529,0
1482,AA66962244,,21905,40434,18529,18529,0
1483,AA66962863,,21905,40434,18529,18529,0
1484,AA66967747,,21905,40434,18529,18529,0
1485,AA66946197,,21905,40434,18529,18529,0
1486,AA66967247,,21905,40434,18529,18529,0
1487,AA66966921,,21905,40434,18529,18529,0
1488,AA66967648,,21905,40434,18529,18529,0
1489,AA66962513,,21905,40434,18529,18529,0
1490,AA66962259,,21905,40434,18529,18529,0
1491,AA66960948,,21905,40434,18529,18529,0
1492,AA66968551,,21905,40434,18529,18529,0
1493,AA66967453,,21905,40434,18529,18529,0
1494,AA66946380,,21905,40434,18529,18529,0
1495,AA66975894,,21905,40434,18529,18529,0
1496,AA66966449,,21905,40434,18529,18529,0
1497,AA66973688,,21905,40434,18529,18529,0
1498,AA66945620,,21905,40434,18529,18529,0
1499,AA66950289,,21905,40434,18529,18529,0
1500,AA66967688,,21905,40434,18529,18529,0
1501,AA66967320,,21905,40434,18529,18529,0
1502,AA66967479,,21905,40434,18529,18529,0
1503,AA66948438,,21905,40434,18529,18529,0
1504,AA66970616,,21905,40434,18529,18529,0
1505,AA66960120,,21905,40434,18529,18529,0
1506,AA66951256,,21905,40434,18529,18529,0
1507,AA66967899,,21905,40434,18529,18529,0
1508,AA66968589,,21905,40434,18529,18529,0
1509,AA66953025,,21905,40434,18529,18529,0
1510,AA66969175,,21905,40434,18529,18529,0
1511,AA66972623,,21905,40434,18529,18529,0
1512,AA66958802,,21905,40434,18529,18529,0
1513,AA66978018,,21905,40434,18529,18529,0
1514,AA66960248,,21905,40434,18529,18529,0
1515,AA66962875,,21905,40434,18529,18529,0
1516,AA66969778,,21905,40434,18529,18529,0
1517,AA66950412,,21905,40434,18529,18529,0
1518,AA66943011,,21905,40434,18529,18529,0
1519,AA66944481,,21905,40434,18529,18529,0
1520,AA66968564,,21905,40434,18529,18529,0
1521,AA66969354,,21905,40434,18529,18529,0
1522,AA66969334,,21905,40434,18529,18529,0
1523,AA66970187,,21905,40434,18529,18529,0
1524,AA66962421,,21905,40434,18529,18529,0
1525,AA66970943,,21905,40434,18529,18529,0
1526,AA66963343,,21905,40434,18529,18529,0
1527,AA66968680,,21905,40434,18529,18529,0
1528,AA66958956,,21905,40434,18529,18529,0
1529,AA66958669,,21905,40434,18529,18529,0
1530,AA66954619,,21905,40434,18529,18529,0
1531,AA66978856,,21905,40434,18529,18529,0
1532,AA66957907,,21905,40434,18529,18529,0
1533,AA66964012,,21905,40434,18529,18529,0
1534,AA66971605,,21905,40434,18529,18529,0
1535,AA66970186,,21905,40434,18529,18529,0
1536,AA66951166,,21905,40434,18529,18529,0
1537,AA66948840,,21905,40434,18529,18529,0
1538,AA66969902,,21905,40434,18529,18529,0
1539,AA66954281,,21905,40434,18529,18529,0
1540,AA66963293,,21905,40434,18529,18529,0
1541,AA66971331,,21905,40434,18529,18529,0
1542,AA66940785,,21905,40434,18529,18529,0
1543,AA66948160,,21905,40434,18529,18529,0
1544,AA66962228,,21905,40434,18529,18529,0
1545,AA66970099,,21905,40434,18529,18529,0
1546,AA66947097,,21905,40434,18529,18529,0
1547,AA66971111,,21905,40434,18529,18529,0
1548,AA66970527,,21905,40434,18529,18529,0
1549,AA66970111,,21905,40434,18529,18529,0
1550,AA66977252,,21905,40434,18529,18529,0
1551,AA66944483,,21905,40434,18529,18529,0
1552,AA66971273,,21905,40434,18529,18529,0
1553,AA66963338,,21905,40434,18529,18529,0
1554,AA66960958,,21905,40434,18529,18529,0
1555,AA66952856,,21905,40434,18529,18529,0
1556,AA66971101,,21905,40434,18529,18529,0
1557,AA66944375,,21905,40434,18529,18529,0
1558,AA66972858,,21905,40434,18529,18529,0
1559,AA66965245,,21905,40434,18529,18529,0
1560,AA66971193,,21905,40434,18529,18529,0
1561,AA66971202,,21905,40434,18529,18529,0
1562,AA66965253,,21905,40434,18529,18529,0
1563,AA66947379,,21905,40434,18529,18529,0
1564,AA66977248,,21905,40434,18529,18529,0
1565,AA66968721,,21905,40434,18529,18529,0
1566,AA66953857,,21905,40434,18529,18529,0
1567,AA66953760,,21905,40434,18529,18529,0
1568,AA66966124,,21905,40434,18529,18529,0
1569,AA66941175,,21905,40434,18529,18529,0
1570,AA66978053,,21905,40434,18529,18529,0
1571,AA66958303,,21905,40434,18529,18529,0
1572,AA66981115,,21905,40434,18529,18529,0
1573,AA66948953,,21905,40434,18529,18529,0
1574,AA66971458,,21905,40434,18529,18529,0
1575,AA66972218,,21905,40434,18529,18529,0
1576,AA66959053,,21905,40434,18529,18529,0
1577,AA66955765,,21905,40434,18529,18529,0
1578,AA66974577,,21905,40434,18529,18529,0
1579,AA66961871,,21905,40434,18529,18529,0
1580,AA66956145,,21905,40434,18529,18529,0
1581,AA66959424,,21905,40434,18529,18529,0
1582,AA66959580,,21905,40434,18529,18529,0
1583,AA66959418,,21905,40434,18529,18529,0
1584,AA66909979,,21905,40434,18529,18529,0
1585,AA66959336,,21905,40434,18529,18529,0
1586,AA66953795,,21905,40434,18529,18529,0
1587,AA66942315,,21905,40434,18529,18529,0
1588,AA66973814,,21905,40434,18529,18529,0
1589,AA66958861,,21905,40434,18529,18529,0
1590,AA66969444,,21905,40434,18529,18529,0
1591,AA66973516,,21905,40434,18529,18529,0
1592,AA66964168,,21905,40434,18529,18529,0
1593,AA66952584,,21905,40434,18529,18529,0
1594,AA66965703,,21905,40434,18529,18529,0
1595,AA66970745,,21905,40434,18529,18529,0
1596,AA66968007,,21905,40434,18529,18529,0
1597,AA66942314,,21905,40434,18529,18529,0
1598,AA66967046,,21905,40434,18529,18529,0
1599,AA66959212,,21905,40434,18529,18529,0
1600,AA66974095,,21905,40434,18529,18529,0
1601,AA66972471,,21905,40434,18529,18529,0
1602,AA66978711,,21905,40434,18529,18529,0
1603,AA66965834,,21905,40434,18529,18529,0
1604,AA66948236,,21905,40434,18529,18529,0
1605,AA66965810,,21905,40434,18529,18529,0
1606,AA66969104,,21905,40434,18529,18529,0
1607,AA66973333,,21905,40434,18529,18529,0
1608,AA66971952,,21905,40434,18529,18529,0
1609,AA66938900,,21905,40434,18529,18529,0
1610,AA66965683,,21905,40434,18529,18529,0
1611,AA66965899,,21905,40434,18529,18529,0
1612,AA66976005,,21905,40434,18529,18529,0
1613,AA66963585,,21905,40434,18529,18529,0
1614,AA66959245,,21905,40434,18529,18529,0
1615,AA66941212,,21905,40434,18529,18529,0
1616,AA66962345,,21905,40434,18529,18529,0
1617,AA66965123,,21905,40434,18529,18529,0
1618,AA66959590,,21905,40434,18529,18529,0
